13.871926
18.086835
18.25808
19.254107
19.333316
19.338532
19.365403
19.686631
19.766573
19.814385
19.832568
19.869567
19.882746
19.914006
20.086729
20.090308
20.11526
20.195268
20.32906
20.429716
20.488635
20.526602
20.602032
20.654322
20.882795
20.95797
20.999631
21.036026
21.147873
21.151039
21.29355
21.355266
21.509629
21.513864
21.617318
21.643154
21.6542
21.661067
21.668769
21.671746
21.692942
21.698958
21.704542
21.748626
21.760805
21.761519
21.793369
21.819388
21.904166
21.92008
22.041581
22.068778
22.089529
22.090067
22.133351
22.161028
22.173016
22.177861
22.200064
22.201746
22.208882
22.209468
22.238745
22.250833
22.260654
22.306216
22.331578
22.344433
22.377261
22.39495
22.422075
22.488467
22.515346
22.519453
22.534738
22.540115
22.541361
22.556917
22.573435
22.588944
22.620909
22.660771
22.660967
22.700772
22.707999
22.734066
22.738906
22.745949
22.767906
22.808217
22.870453
22.87281
22.881958
22.898831
22.973632
22.986077
22.99156
22.995695
23.037145
23.049278
23.080825
23.084301
23.092603
23.118861
23.120392
23.127146
23.142341
23.150853
23.157837
23.163574
23.167602
23.173707
23.174188
23.180431
23.183241
23.205874
23.212074
23.232445
23.239049
23.270802
23.277144
23.289677
23.294794
23.29735
23.301006
23.306039
23.336863
23.344436
23.42388
23.428454
23.442179
23.478164
23.49376
23.560826
23.605108
23.606
23.614308
23.614446
23.644593
23.671597
23.696255
23.698183
23.73845
23.759794
23.772268
23.799067
23.816489
23.821151
23.838247
23.843497
23.856843
23.869071
23.875189
23.890837
23.89424
23.89471
23.89852
23.909286
23.914942
23.954227
23.967123
23.979222
24.01087
24.011651
24.034363
24.037043
24.08353
24.126428
24.127467
24.160921
24.166642
24.182196
24.185381
24.19381
24.193962
24.20977
24.213179
24.215671
24.236074
24.271892
24.280759
24.297752
24.316252
24.357291
24.389056
24.418392
24.427283
24.457879
24.46036
24.460875
24.471595
24.472838
24.495628
24.499268
24.51794
24.519214
24.535496
24.544815
24.584908
24.605613
24.622241
24.626176
24.66408
24.71373
24.72731
24.729604
24.733662
24.738228
24.757017
24.790669
24.804665
24.825471
24.873285
24.873999
24.948977
24.965528
24.977682
24.998448
25.001222
25.01317
25.015175
25.056283
25.066866
25.136824
25.156878
25.16152
25.183173
25.257859
25.270103
25.283341
25.321283
25.380301
25.385429
25.451469
25.48194
25.523716
25.558077
25.594197
25.62912
25.664354
25.690624
25.708048
25.738335
25.745007
25.747036
25.751548
25.775418
25.778806
25.78794
25.805612
25.805831
25.868764
25.898735
25.983129
26.014793
26.016351
26.084099
26.094562
26.13126
26.193335
26.207635
26.238886
26.24212
26.351744
26.387984
26.406462
26.42228
26.443632
26.532608
26.567722
26.590894
26.591962
26.594038
26.61583
26.618829
26.707317
26.743504
26.866758
26.890594
26.972357
26.984814
27.065037
27.065385
27.155544
27.162592
27.205895
27.250525
27.27038
27.307545
27.324058
27.341365
27.357914
27.39975
27.450208
27.563497
27.575666
27.617006
27.634095
27.666672
27.671476
27.681857
27.738171
27.798639
27.814966
27.850443
27.954245
27.982208
28.04426
28.063997
28.083051
28.101361
28.114176
28.127783
28.379184
28.469987
28.507451
28.727374
28.844058
28.847016
29.059652
29.15816
29.677282
31.82385
36.39587
37.029854
39.553197
43.56169
44.863154
45.078713
54.007386
134.235598
135.754272
136.185141
138.111672
140.595049
140.748156
141.561274
142.00122
142.027209
142.094298
142.135688
142.143221
142.146664
142.205779
142.211292
142.236757
142.238988
142.286733
142.322091
142.324304
142.336753
142.359128
142.379686
142.395884
142.406369
142.40861
142.425029
142.431696
142.44062
142.576526
142.642684
142.665188
142.707261
142.719347
142.71974
142.747618
142.749385
142.750691
142.768966
142.788976
142.790012
142.792475
142.796941
142.811334
142.812025
142.848212
142.85522
142.916573
142.955624
142.964098
142.970291
142.971462
142.977154
142.99356
143.031428
143.040716
143.078497
143.10709
143.108613
143.142151
143.152777
143.226184
143.232405
143.27072
143.271534
143.279081
143.301266
143.332257
143.33991
143.374761
143.382607
143.38823
143.408788
143.411473
143.46715
143.487292
143.487551
143.529767
143.54434
143.558487
143.574773
143.582924
143.589603
143.603318
143.681276
143.685456
143.686566
143.687022
143.69182
143.740104
143.744839
143.749901
143.767393
143.804807
143.806173
143.814911
143.827236
143.839234
143.877047
143.879007
143.893691
143.905418
143.912023
143.931987
143.946435
143.969852
143.976074
143.988941
144.015925
144.074336
144.077894
144.085711
144.120052
144.138682
144.156413
144.161078
144.190576
144.199544
144.207817
144.21845
144.227368
144.275363
144.284549
144.293178
144.318367
144.320628
144.333655
144.354503
144.363708
144.377328
144.394492
144.399288
144.415109
144.417621
144.4703
144.47827
144.511412
144.522994
144.54685
144.563738
144.625532
144.627739
144.63299
144.638903
144.643216
144.648796
144.675252
144.678412
144.704534
144.705198
144.738243
144.766725
144.767721
144.768414
144.778148
144.794084
144.796834
144.861144
144.883088
144.88575
144.90309
144.903982
144.946355
144.947715
144.951813
144.965516
144.982047
144.999067
145.002805
145.005186
145.012764
145.048369
145.065792
145.079787
145.107968
145.119172
145.135533
145.154833
145.167253
145.222096
145.239808
145.259914
145.260055
145.27551
145.286168
145.290595
145.292948
145.296002
145.29813
145.336719
145.337265
145.376029
145.388666
145.420686
145.444848
145.452976
145.456348
145.470001
145.477825
145.480499
145.487176
145.488898
145.523366
145.536068
145.545666
145.550283
145.560204
145.595191
145.613908
145.620984
145.632674
145.648458
145.650461
145.655855
145.661385
145.686815
145.692202
145.703546
145.724779
145.729843
145.749076
145.751313
145.828248
145.831871
145.833753
145.844273
145.866375
145.876195
145.881268
145.919688
145.940617
145.954844
145.983831
145.992258
146.020107
146.023819
146.026598
146.026807
146.067254
146.076487
146.077269
146.084007
146.107146
146.110193
146.116923
146.130382
146.184696
146.189381
146.190476
146.196504
146.206053
146.207782
146.209672
146.21565
146.220624
146.225146
146.231762
146.256689
146.263392
146.275738
146.275994
146.276642
146.297659
146.306612
146.320068
146.320374
146.322741
146.381714
146.384409
146.397835
146.403727
146.410976
146.435737
146.44772
146.45298
146.453169
146.466784
146.488103
146.488948
146.509899
146.515173
146.539473
146.53954
146.559319
146.563875
146.583183
146.584446
146.587419
146.598232
146.601254
146.601654
146.615243
146.630894
146.635179
146.637336
146.655361
146.674593
146.675415
146.680032
146.682318
146.684924
146.686587
146.695894
146.698555
146.706199
146.712176
146.712279
146.72247
146.732758
146.73568
146.743428
146.765253
146.769246
146.774521
146.785103
146.786934
146.78825
146.790171
146.792036
146.804194
146.811799
146.829591
146.833396
146.834391
146.844422
146.845214
146.853978
146.856537
146.866516
146.874655
146.877985
146.886106
146.897025
146.916223
146.92094
146.946107
146.94997
146.963005
146.964196
146.979775
146.985858
146.993521
146.998073
146.99917
147.009451
147.028611
147.031269
147.043175
147.055516
147.056208
147.081126
147.105068
147.109489
147.126749
147.131587
147.146899
147.152377
147.15731
147.166487
147.208417
147.209933
147.210843
147.214425
147.21472
147.215891
147.222492
147.227944
147.229534
147.234666
147.240097
147.242264
147.24716
147.251948
147.274086
147.275906
147.28958
147.304971
147.327264
147.336472
147.370747
147.37847
147.379474
147.387691
147.390281
147.392793
147.409827
147.417288
147.426035
147.429611
147.431128
147.446238
147.453511
147.469475
147.472029
147.473509
147.483568
147.489457
147.495391
147.496628
147.501358
147.505588
147.512391
147.515807
147.519682
147.530018
147.535624
147.537239
147.552791
147.553932
147.557763
147.577641
147.580254
147.590405
147.592001
147.5934
147.601337
147.601912
147.611779
147.617909
147.630674
147.63447
147.640982
147.644406
147.645558
147.65922
147.66245
147.673866
147.68994
147.699462
147.700631
147.702717
147.711038
147.715013
147.722928
147.727014
147.736433
147.741337
147.746862
147.764077
147.765442
147.776477
147.80565
147.814108
147.823796
147.828648
147.829589
147.849212
147.850775
147.865214
147.876216
147.883033
147.891618
147.899025
147.910975
147.912483
147.921086
147.92654
147.934161
147.934883
147.947413
147.951197
147.952134
147.954315
147.963463
147.977346
147.988038
147.98953
147.991965
147.998163
148.002092
148.004592
148.008282
148.038324
148.046914
148.048498
148.0531
148.055136
148.063897
148.064893
148.072162
148.074505
148.074519
148.082753
148.095176
148.096617
148.100075
148.124685
148.130004
148.134426
148.138952
148.146193
148.149483
148.155406
148.159799
148.174154
148.182985
148.205934
148.207499
148.214247
148.221912
148.23078
148.231886
148.253984
148.265095
148.266968
148.267925
148.270316
148.28811
148.297435
148.307673
148.314133
148.331238
148.332614
148.337716
148.368147
148.373615
148.37533
148.400744
148.406873
148.410034
148.422974
148.435632
148.45171
148.462854
148.467957
148.470737
148.474803
148.505964
148.506121
148.538571
148.540239
148.542999
148.54655
148.567992
148.585254
148.58776
148.592744
148.598706
148.600237
148.605419
148.61211
148.615188
148.625435
148.632476
148.652099
148.65732
148.658161
148.658194
148.665941
148.686038
148.697542
148.702475
148.714229
148.722753
148.733987
148.73417
148.761086
148.763239
148.770724
148.772616
148.772864
148.799928
148.800425
148.809789
148.815346
148.823765
148.83508
148.865637
148.870171
148.876356
148.880932
148.890245
148.898721
148.903375
148.908198
148.920447
148.960277
148.96467
148.972063
148.978069
148.999455
149.011595
149.017035
149.041173
149.042941
149.050332
149.053059
149.065304
149.084591
149.087742
149.125549
149.137848
149.143362
149.144368
149.160239
149.167901
149.170137
149.171386
149.173826
149.174942
149.174958
149.185599
149.192453
149.20715
149.209164
149.21023
149.224513
149.233104
149.239186
149.246121
149.265999
149.273015
149.285536
149.292636
149.295711
149.296638
149.314648
149.342545
149.351334
149.355757
149.356227
149.356544
149.371773
149.372282
149.386441
149.433314
149.451095
149.471829
149.478919
149.479419
149.488924
149.497638
149.503575
149.506005
149.510146
149.52972
149.544344
149.548147
149.566092
149.594425
149.599005
149.612549
149.632257
149.648712
149.66441
149.665453
149.666608
149.668656
149.675191
149.683863
149.686036
149.711673
149.720718
149.760712
149.771927
149.779698
149.785325
149.793998
149.796116
149.808635
149.810044
149.81472
149.817837
149.837316
149.869295
149.872044
149.882647
149.891051
149.896042
149.912351
149.912998
149.91464
149.922379
149.927682
149.929365
149.93394
149.93441
149.934555
149.977111
149.988269
149.988651
149.990131
150.021854
150.024927
150.056996
150.058075
150.064704
150.092828
150.095678
150.113794
150.124073
150.15294
150.154256
150.167682
150.178807
150.185338
150.187917
150.190897
150.19869
150.203099
150.216322
150.218329
150.218399
150.226848
150.232935
150.238199
150.240711
150.259361
150.262987
150.269179
150.290527
150.292261
150.296096
150.317439
150.322187
150.341811
150.356022
150.369798
150.38214
150.388232
150.405439
150.418703
150.42405
150.428979
150.438613
150.44536
150.447744
150.473284
150.48251
150.49066
150.499884
150.516746
150.534716
150.542034
150.550615
150.567742
150.585466
150.590169
150.60497
150.611777
150.61516
150.624242
150.630474
150.63804
150.642116
150.658517
150.679956
150.693026
150.695401
150.701865
150.702981
150.717218
150.721483
150.734194
150.737885
150.745615
150.748056
150.768012
150.772024
150.773849
150.780925
150.785332
150.805912
150.812233
150.813568
150.820843
150.832976
150.845221
150.848512
150.873544
150.890525
150.901116
150.902116
150.911005
150.924472
150.925814
150.953499
150.959911
150.960986
150.973936
150.984809
150.986652
150.996825
151.021517
151.029572
151.036614
151.074331
151.076756
151.077586
151.08828
151.11167
151.113459
151.120141
151.124526
151.131388
151.136041
151.14363
151.145337
151.155424
151.156773
151.178678
151.180047
151.182138
151.189709
151.20556
151.207477
151.256181
151.260574
151.28182
151.297108
151.315935
151.326977
151.3485
151.349599
151.350998
151.398301
151.40585
151.411368
151.413644
151.416936
151.422205
151.429186
151.432151
151.46884
151.484696
151.494294
151.510164
151.528067
151.528512
151.538001
151.569301
151.583837
151.623457
151.654707
151.657509
151.66258
151.663355
151.67836
151.688716
151.706428
151.714242
151.725608
151.758081
151.764619
151.77292
151.796003
151.796116
151.802947
151.812675
151.825957
151.831169
151.872333
151.881671
151.882115
151.894019
151.903719
151.910012
151.913121
151.915218
151.952061
151.954469
151.996803
152.02314
152.029373
152.080764
152.103191
152.111303
152.144874
152.152163
152.153071
152.153326
152.203538
152.222602
152.223451
152.22973
152.230471
152.243834
152.273442
152.304726
152.311837
152.313367
152.324179
152.328043
152.32826
152.342484
152.348509
152.352891
152.360102
152.4078
152.416608
152.422244
152.431506
152.450707
152.462397
152.46266
152.480707
152.482217
152.48627
152.494946
152.52149
152.530209
152.546501
152.584171
152.585685
152.608847
152.626844
152.665574
152.672486
152.702778
152.722286
152.755425
152.760374
152.760824
152.766582
152.772687
152.782163
152.798612
152.834788
152.848232
152.908599
152.944712
152.946596
152.960748
152.990231
152.990916
153.023622
153.026585
153.029906
153.049064
153.051634
153.076496
153.104264
153.111476
153.116359
153.11814
153.128132
153.140634
153.163907
153.222708
153.292503
153.305477
153.312218
153.313855
153.385894
153.403657
153.45507
153.493775
153.539272
153.563507
153.571321
153.603437
153.641375
153.64831
153.671467
153.677853
153.742348
153.769081
153.781639
153.827993
153.83272
153.868254
153.872381
153.889481
153.901272
153.901466
153.90843
153.909867
153.916811
153.957135
153.957758
154.001918
154.018366
154.0282
154.042662
154.046165
154.057876
154.063672
154.064469
154.064719
154.080145
154.099139
154.100257
154.107979
154.13035
154.131013
154.132234
154.166081
154.167307
154.179509
154.182052
154.187179
154.210088
154.230974
154.231546
154.247391
154.263541
154.282039
154.290028
154.290112
154.292143
154.307737
154.327639
154.346368
154.379574
154.379964
154.388344
154.409369
154.417547
154.445939
154.453707
154.460519
154.492199
154.494735
154.507227
154.518819
154.55581
154.558098
154.558806
154.569288
154.578371
154.584186
154.589708
154.597788
154.59787
154.603349
154.607355
154.609442
154.618896
154.638972
154.640608
154.64913
154.652143
154.652501
154.670377
154.687594
154.689751
154.716104
154.741396
154.745306
154.746341
154.749459
154.749546
154.759711
154.765258
154.767794
154.768937
154.808772
154.84969
154.853954
154.861269
154.880054
154.916716
154.978293
154.978405
154.984964
155.000474
155.073537
155.078905
155.08624
155.1415
155.171132
155.201905
155.202657
155.229376
155.247077
155.269604
155.290113
155.315186
155.326041
155.343628
155.346281
155.363531
155.383599
155.400506
155.441341
155.475433
155.496726
155.503508
155.504966
155.507047
155.560076
155.611716
155.614557
155.615568
155.619016
155.64515
155.667491
155.692272
155.715711
155.728827
155.746669
155.748346
155.765892
155.768194
155.789308
155.797618
155.829183
155.829776
155.835643
155.901406
155.923107
155.924938
155.934909
155.974557
155.987315
155.996539
156.030264
156.094389
156.113182
156.139952
156.161963
156.166808
156.193244
156.199872
156.202992
156.224438
156.291412
156.297046
156.31064
156.319083
156.343781
156.360451
156.376312
156.402847
156.432054
156.438
156.440163
156.472753
156.484957
156.503316
156.535814
156.539952
156.541199
156.559891
156.578666
156.584382
156.62015
156.678802
156.682804
156.686249
156.688726
156.716769
156.729688
156.786819
156.792219
156.842959
157.054826
157.110267
157.116728
157.132468
157.224119
157.245906
157.265559
157.278709
157.284189
157.291586
157.292322
157.342821
157.346627
157.368459
157.422149
157.432968
157.506987
157.547492
157.566276
157.588974
157.596861
157.654148
157.660473
157.701152
157.705535
157.739445
157.7475
157.759714
157.767816
157.781326
157.829618
157.840367
157.843229
157.86561
157.86593
157.878956
157.894318
157.906209
157.940037
157.946588
157.96392
158.027076
158.048407
158.077649
158.098369
158.099061
158.13561
158.178697
158.181558
158.190212
158.206542
158.212641
158.267604
158.26983
158.29569
158.305099
158.311536
158.313241
158.343926
158.362368
158.362842
158.420261
158.429734
158.449769
158.459438
158.460786
158.465572
158.469673
158.481936
158.512561
158.52037
158.521065
158.535461
158.540369
158.541422
158.551281
158.552291
158.552354
158.558432
158.57555
158.583643
158.590467
158.593225
158.599558
158.611171
158.614293
158.617608
158.623016
158.631552
158.651077
158.660447
158.673577
158.685058
158.685402
158.717295
158.742659
158.746692
158.759073
158.760082
158.764957
158.777539
158.783964
158.785411
158.804779
158.818532
158.826986
158.830692
158.839912
158.851563
158.852349
158.85606
158.875364
158.888002
158.891437
158.910392
158.922479
158.922643
158.940296
158.954781
158.975566
158.980973
158.990359
159.009825
159.041559
159.053467
159.058642
159.069898
159.153617
159.16279
159.16747
159.199278
159.243274
159.276796
159.289251
159.292181
159.300987
159.316624
159.336088
159.339037
159.377176
159.387163
159.403425
159.467689
159.48057
159.49796
159.508723
159.515966
159.540484
159.542936
159.556295
159.56439
159.564641
159.570837
159.576245
159.585804
159.600309
159.604597
159.615769
159.623102
159.626298
159.631981
159.643041
159.657327
159.658802
159.660436
159.66238
159.676328
159.683728
159.685092
159.691639
159.694797
159.698019
159.701352
159.711984
159.716208
159.716251
159.716821
159.717591
159.732942
159.741863
159.747082
159.749724
159.767315
159.775539
159.783448
159.803328
159.808195
159.819149
159.821848
159.849014
159.860361
159.872376
159.879846
159.899302
159.907348
159.931327
159.957214
159.972785
159.976024
159.97869
159.995069
159.995801
159.997452
160.01186
160.016724
160.020068
160.030392
160.032934
160.039227
160.039526
160.059506
160.091802
160.095637
160.09641
160.099707
160.102961
160.107174
160.108601
160.114983
160.115405
160.118394
160.123814
160.128682
160.139793
160.140371
160.147203
160.148637
160.15397
160.16345
160.17232
160.198972
160.226425
160.233645
160.244328
160.26055
160.312048
160.313253
160.365346
160.369194
160.377738
160.387968
160.394459
160.399724
160.401779
160.445259
160.489175
160.512024
160.521825
160.567949
160.569516
160.588636
160.600262
160.608449
160.629958
160.650119
160.652947
160.672695
160.691648
160.700963
160.706942
160.713218
160.713286
160.734767
160.75109
160.752943
160.76343
160.772742
160.795986
160.801021
160.845518
160.867144
160.889699
160.894798
160.899458
160.922197
160.961304
160.982409
160.987851
160.988256
160.9894
161.026602
161.068562
161.072597
161.093303
161.102687
161.110074
161.12513
161.155767
161.167221
161.170608
161.174108
161.174114
161.175773
161.17764
161.179564
161.183727
161.185477
161.189254
161.192294
161.204915
161.22433
161.232381
161.2523
161.281503
161.295372
161.308712
161.316625
161.320738
161.340812
161.343273
161.36126
161.365189
161.37956
161.384448
161.386763
161.38758
161.393906
161.423005
161.42692
161.433719
161.442711
161.473734
161.481321
161.495191
161.524412
161.52818
161.532599
161.54315
161.579091
161.60394
161.607477
161.626171
161.646098
161.650925
161.651167
161.65931
161.65993
161.671124
161.703577
161.724205
161.737086
161.741681
161.763293
161.772132
161.772905
161.822229
161.831561
161.840513
161.848378
161.880067
161.889322
161.890779
161.892411
161.894401
161.909835
161.91398
161.918123
161.920225
161.935684
161.940131
161.952924
161.970889
161.971421
161.974266
162.015421
162.047445
162.108177
162.122414
162.133895
162.139473
162.179721
162.190397
162.200007
162.223985
162.232729
162.236315
162.242066
162.246999
162.26086
162.262481
162.267475
162.270772
162.308345
162.314078
162.340733
162.356412
162.36144
162.370596
162.374267
162.39007
162.402719
162.412747
162.43071
162.433968
162.452034
162.481842
162.48438
162.487465
162.508823
162.51624
162.523673
162.528239
162.558291
162.604223
162.618565
162.632573
162.634796
162.677209
162.67823
162.691348
162.693441
162.693729
162.730874
162.756675
162.759633
162.782576
162.784293
162.787042
162.807327
162.815179
162.844468
162.847856
162.851907
162.86222
162.86363
162.941617
162.949963
162.976331
163.004495
163.034118
163.056392
163.067152
163.103741
163.151835
163.161447
163.176484
163.177504
163.208052
163.262417
163.267811
163.279858
163.288242
163.31328
163.32578
163.329518
163.373344
163.438109
163.471727
163.594664
163.609387
163.7379
163.744516
163.751613
163.757494
163.784081
163.818149
163.837151
163.898211
163.9252
163.940402
164.012715
164.064474
164.228192
164.229821
164.270126
164.427533
164.469739
164.771074
164.875884
164.963861
165.106627
165.203122
165.330918
165.402166
165.627159
166.065897
167.296501
168.082996
168.414765
168.624698
168.659007
169.26083
169.482162
170.984636
171.486734
171.637285
171.885197
171.955388
171.996973
172.49705
172.668946
172.749853
172.806894
172.834716
172.841394
172.884221
172.949302
172.962258
173.090542
173.1866
173.20327
173.219186
173.254374
173.336021
173.361569
173.36304
173.639039
173.740424
173.77757
173.784195
173.835135
173.865776
173.965944
173.994868
174.112139
174.113846
174.140409
174.148524
174.277128
174.319817
174.328887
174.333439
174.513613
174.558184
174.596321
174.652592
174.675392
174.678915
174.691698
174.695572
174.723464
174.735385
174.736073
174.762961
174.78289
174.783249
174.836961
174.874944
174.953317
175.050655
175.068566
175.10227
175.138038
175.155244
175.223077
175.261105
175.266083
175.284016
175.285515
175.289781
175.289923
175.313853
175.335632
175.370103
175.380125
175.383304
175.47485
175.516641
175.570894
175.578002
175.579909
175.595204
175.598066
175.619019
175.633223
175.647283
175.663478
175.676631
175.70664
175.708736
175.719548
175.73011
175.753246
175.754188
175.802254
175.813945
175.824511
175.832955
175.86646
175.894293
175.916113
175.921843
175.965959
175.977776
175.989608
175.99179
176.003231
176.04187
176.063451
176.072256
176.085085
176.096647
176.10291
176.103853
176.117031
176.151573
176.151954
176.218064
176.244751
176.254078
176.267197
176.304229
176.304749
176.305025
176.31281
176.327298
176.330417
176.337001
176.360865
176.362624
176.40607
176.407921
176.422359
176.436035
176.450504
176.467561
176.477202
176.482549
176.500122
176.502688
176.507846
176.515569
176.555292
176.558167
176.586617
176.596239
176.599981
176.608288
176.637613
176.639716
176.642849
176.651393
176.652909
176.720797
176.72597
176.726374
176.739426
176.798852
176.799834
176.810067
176.824363
176.879506
176.88395
176.892923
176.900172
176.910828
176.941342
176.946261
176.971951
176.97546
176.993568
177.031003
177.03189
177.048815
177.049594
177.051116
177.063606
177.065116
177.066896
177.074675
177.103939
177.104355
177.108162
177.134903
177.163085
177.163998
177.166458
177.180057
177.189319
177.191761
177.19491
177.215189
177.217833
177.224823
177.236418
177.237934
177.242791
177.253053
177.308967
177.336114
177.359254
177.369573
177.380175
177.382936
177.410551
177.412493
177.415599
177.426154
177.445368
177.479097
177.485269
177.489945
177.496285
177.503416
177.511761
177.548289
177.564685
177.569692
177.574948
177.690126
177.691854
177.691887
177.701728
177.725338
177.743137
177.768238
177.822077
177.899204
177.909742
177.912727
177.931448
177.959146
177.976278
177.984469
178.002246
178.025108
178.033407
178.048906
178.070898
178.148412
178.167842
178.191761
178.254357
178.305164
178.359347
178.369188
178.385849
178.388127
178.400605
178.40207
178.493635
178.511696
178.52021
178.568236
178.568718
178.605872
178.687564
178.730402
178.751777
178.790532
178.814835
178.920069
178.984344
179.00091
179.062947
179.067598
179.092395
179.140594
179.141145
179.211684
179.224381
179.261003
179.262105
179.275117
179.283484
179.337555
179.350572
179.38894
179.428836
179.431187
179.46493
179.506259
179.518504
179.64223
179.727604
179.7576
179.862569
179.880364
179.9032
179.910636
179.916171
179.932691
179.992866
180.053667
180.054972
180.07118
180.12809
180.129899
180.148665
180.284965
180.34292
180.427601
180.460035
180.62
180.696086
180.709209
180.893699
180.938707
180.955254
180.955434
181.154293
181.168108
181.207292
181.223943
181.287894
181.305924
181.336077
181.356968
181.396228
181.571197
181.632803
181.827479
181.850504
182.067536
182.194269
182.471326
182.535463
182.582704
182.660267
183.309382
183.392613
183.416524
183.738975
183.847279
184.129516
185.392278
186.483741
187.400609
188.831835
192.161677
192.769293
196.362434
201.588611
202.760012
204.651666
207.403046
209.050851
217.109012
226.598634
234.287754
249.724375
252.508843
269.573766
309.305569
