550.306873
556.719158
557.417191
561.017939
561.628759
562.576641
563.032835
563.4699
564.070755
564.221983
564.607448
564.617347
564.640951
564.64753
564.760862
565.319849
566.027718
566.032839
566.188899
566.420135
566.44235
566.531451
566.531492
566.611087
566.665577
566.736327
566.855024
566.870381
566.901814
566.922819
567.049023
567.234799
567.40541
567.419103
567.444572
567.648386
567.753833
567.761263
567.776423
567.782746
567.79098
567.796574
567.81556
567.893302
567.952091
567.972507
568.118032
568.152696
568.157167
568.175066
568.180226
568.205579
568.210038
568.247225
568.260945
568.292433
568.356284
568.358102
568.407243
568.426182
568.451005
568.488806
568.51208
568.562813
568.568071
568.599464
568.617748
568.662297
568.669941
568.670565
568.740077
568.740988
568.756305
568.770579
568.776885
568.886688
568.903653
568.903852
568.955742
568.970711
569.096721
569.118812
569.178713
569.196869
569.29057
569.309075
569.386958
569.392964
569.413438
569.462266
569.524755
569.533391
569.539604
569.558166
569.561911
569.641238
569.652883
569.667588
569.699509
569.71801
569.77513
569.792215
569.805238
569.856709
569.905104
569.914357
569.920898
569.942343
569.948677
569.957079
569.974119
569.998114
570.02916
570.058072
570.089149
570.121022
570.15632
570.162799
570.182539
570.186991
570.196766
570.222351
570.245835
570.260961
570.26953
570.289678
570.302806
570.315758
570.477748
570.607176
570.608032
570.62426
570.647026
570.708562
570.734335
570.747338
570.763208
570.802607
570.95483
571.013132
571.01804
571.052912
571.068134
571.089757
571.092446
571.102357
571.102634
571.106557
571.148735
571.168639
571.170537
571.215017
571.216771
571.219738
571.222724
571.238208
571.241848
571.245823
571.260807
571.285461
571.33583
571.343104
571.400167
571.405814
571.432204
571.452314
571.46414
571.475122
571.487988
571.525064
571.539361
571.55256
571.614978
571.64629
571.69145
571.755925
571.759184
571.770197
571.844747
571.86752
571.910748
571.941461
571.946408
571.990192
571.991407
571.991665
572.050956
572.086826
572.092053
572.105647
572.143253
572.181272
572.208256
572.213224
572.228622
572.229236
572.243673
572.243933
572.262473
572.325249
572.329244
572.370705
572.373678
572.378169
572.429978
572.442727
572.475356
572.478415
572.48626
572.501373
572.530689
572.585852
572.618657
572.637271
572.639281
572.699054
572.810871
572.838094
572.853377
572.860253
572.911503
573.100351
573.101711
573.13234
573.134737
573.169767
573.173357
573.209509
573.273974
573.274331
573.29403
573.299762
573.336963
573.356114
573.363759
573.377247
573.385244
573.388998
573.40198
573.425547
573.429723
573.459951
573.461892
573.514525
573.516468
573.536052
573.574382
573.595647
573.608961
573.624937
573.676353
573.684692
573.6915
573.708752
573.710733
573.710789
573.719898
573.722679
573.723698
573.729824
573.745807
573.762121
573.76776
573.776376
573.783777
573.793875
573.844166
573.851754
573.88246
573.901789
573.958892
573.965713
574.019008
574.020942
574.042813
574.047668
574.087761
574.089245
574.093084
574.095948
574.117264
574.141642
574.162045
574.188856
574.212887
574.21872
574.254728
574.25808
574.277652
574.305318
574.393145
574.452829
574.476398
574.486339
574.593987
574.610344
574.633179
574.63954
574.64184
574.641924
574.650689
574.653474
574.709225
574.71697
574.717188
574.740241
574.768805
574.789232
574.817299
574.818289
574.849096
574.850369
574.896049
574.916574
574.945714
574.955118
574.968651
574.973161
575.003784
575.004367
575.007841
575.083144
575.102449
575.103078
575.138034
575.150326
575.16831
575.171079
575.178079
575.20191
575.229478
575.239513
575.294097
575.328043
575.335012
575.335294
575.347186
575.356954
575.399358
575.41861
575.432822
575.438795
575.44626
575.448876
575.454304
575.508835
575.510022
575.524275
575.533484
575.560665
575.627893
575.630651
575.638734
575.651213
575.652195
575.659648
575.663738
575.749235
575.761335
575.785341
575.823873
575.826117
575.838269
575.838503
575.852276
575.897982
575.899225
575.941948
575.986625
575.987433
575.99176
575.991948
576.010541
576.030924
576.036247
576.103641
576.112162
576.120291
576.197091
576.202688
576.242128
576.26312
576.283298
576.288221
576.330353
576.335044
576.340068
576.356323
576.364623
576.370396
576.374451
576.39672
576.409932
576.414377
576.4274
576.436123
576.458913
576.484114
576.497588
576.514158
576.549135
576.624113
576.641011
576.662035
576.686886
576.713475
576.745031
576.888824
576.934049
576.938747
576.994933
577.01729
577.091235
577.093032
577.094672
577.107186
577.176859
577.193086
577.241179
577.257705
577.298194
577.418912
577.420505
577.475481
577.503757
577.512539
577.53191
577.547096
577.551426
577.756281
577.759827
577.777666
577.796782
577.812085
577.825286
577.865953
577.919601
577.925516
577.978114
578.025849
578.052075
578.088969
578.174336
578.234354
578.247051
578.257315
578.260731
578.305445
578.331505
578.340907
578.419616
578.435137
578.443189
578.466012
578.557614
578.624525
578.650921
578.696323
578.85667
578.869665
578.903653
578.950984
578.97169
578.977181
579.044762
579.094533
579.136352
579.327103
579.32946
579.353272
579.392204
579.568536
579.596923
579.624144
579.695138
579.715213
579.769631
579.932854
579.962743
580.020251
580.030383
580.097746
580.14601
580.155123
580.170084
580.17954
580.21536
580.24273
580.318804
580.371693
580.619693
580.748006
580.783561
580.815247
580.817024
580.948921
581.338249
581.73778
581.808023
581.869675
581.890431
581.917783
582.152418
582.39194
582.534236
582.575013
582.664364
582.679674
582.697833
582.831104
582.843929
582.945476
583.000232
583.046542
583.066039
583.086978
583.78964
583.870171
584.167068
584.171205
584.461023
584.468071
584.746808
584.915654
585.270085
585.289849
585.377665
585.581366
585.780592
586.050641
587.705554
591.815854
592.005653
599.81172
600.495214
601.237881
602.746684
604.124493
604.474768
605.220807
606.539789
606.960418
608.106922
608.59596
609.182902
609.209899
609.477925
609.602218
609.701037
609.750007
609.757535
609.783648
609.791329
609.796106
609.912269
609.957538
609.971165
610.246874
610.407675
610.418631
610.52962
610.779775
610.854304
610.913193
610.929885
610.977062
611.082577
611.136997
611.188998
611.207906
611.321891
611.351186
611.366672
611.483843
611.523694
611.560535
611.583388
611.636463
611.671581
611.695442
611.70547
611.70558
611.826111
611.835676
611.852026
611.96092
612.007167
612.035041
612.073432
612.094537
612.095842
612.114467
612.218904
612.22732
612.346167
612.363924
612.407157
612.441776
612.445914
612.448803
612.493552
612.544896
612.573976
612.601979
612.614301
612.669235
612.697127
612.701396
612.743118
612.847935
612.912639
612.994356
613.006284
613.121161
613.126554
613.143316
613.164253
613.26282
613.284242
613.336165
613.368324
613.382032
613.428711
613.472226
613.47338
613.479092
613.522911
613.602116
613.616885
613.743103
614.098502
614.102423
614.106246
614.121964
614.129722
614.138026
614.158883
614.167636
614.193184
614.198666
614.210629
614.215744
614.243585
614.2598
614.2643
614.266365
614.269176
614.283697
614.326635
614.362955
614.517473
614.583711
614.586101
614.635847
614.673098
614.691053
614.749335
614.804906
614.813632
614.842055
614.849742
614.875133
614.882977
614.907118
614.911921
614.980665
615.00281
615.048882
615.143505
615.177978
615.191238
615.279868
615.294689
615.299966
615.305187
615.315445
615.316954
615.381101
615.405314
615.416583
615.457566
615.491646
615.539753
615.551134
615.57997
615.580859
615.60417
615.649266
615.69637
615.703717
615.724555
615.751981
615.763681
615.791302
615.791353
615.839455
615.862485
615.862501
615.878791
615.923756
615.939095
615.943665
615.956883
615.973123
616.014131
616.027567
616.099145
616.107988
616.113807
616.136647
616.137612
616.150914
616.235901
616.249854
616.259839
616.263178
616.27966
616.296789
616.310499
616.313853
616.324242
616.325597
616.355083
616.35659
616.379007
616.393888
616.400818
616.432314
616.436311
616.439008
616.456633
616.475344
616.488612
616.490352
616.541565
616.579802
616.58428
616.585556
616.594094
616.606204
616.667214
616.673797
616.71348
616.726018
616.737749
616.740246
616.754721
616.765792
616.771688
616.786408
616.790005
616.804369
616.834053
616.844988
616.897726
616.911583
616.914351
616.932857
616.94287
616.957905
616.958138
616.960255
616.962949
616.97425
616.983251
616.99021
617.034965
617.055485
617.064769
617.066444
617.107903
617.112559
617.13105
617.14801
617.156032
617.157919
617.178455
617.181617
617.194817
617.203294
617.228718
617.244588
617.245892
617.252608
617.263776
617.27616
617.314024
617.322648
617.327842
617.329901
617.335047
617.339003
617.340883
617.341025
617.382363
617.38587
617.431573
617.432865
617.437804
617.456127
617.459256
617.477427
617.478464
617.486387
617.493408
617.49597
617.50585
617.522631
617.531247
617.541493
617.556841
617.557875
617.560305
617.592612
617.604568
617.620118
617.626403
617.64376
617.656449
617.663356
617.676642
617.732187
617.752196
617.752704
617.753861
617.757817
617.774086
617.810428
617.844449
617.863185
617.870767
617.873127
617.908884
617.910863
617.911051
617.916311
617.91854
617.936735
617.943072
617.94566
617.946097
617.981039
617.983602
617.984719
617.990475
617.993635
618.014067
618.018658
618.04475
618.046478
618.051598
618.071683
618.077713
618.079811
618.090897
618.108747
618.114813
618.124358
618.139671
618.142879
618.158881
618.168466
618.176191
618.185376
618.190581
618.222105
618.226055
618.259071
618.309951
618.319794
618.328974
618.342658
618.351072
618.36069
618.404682
618.405095
618.410082
618.419019
618.419989
618.424805
618.442712
618.461644
618.463185
618.467668
618.467946
618.483227
618.487688
618.498924
618.523335
618.538547
618.538892
618.540561
618.545125
618.549673
618.555263
618.558092
618.581035
618.590071
618.599011
618.606053
618.608191
618.625796
618.679598
618.687125
618.692663
618.697853
618.698026
618.6994
618.70035
618.720906
618.721027
618.734967
618.753136
618.754335
618.760451
618.760822
618.762542
618.781573
618.825439
618.826268
618.835375
618.849019
618.863306
618.863479
618.864472
618.869627
618.871135
618.874907
618.901718
618.925823
618.93491
618.984709
619.03647
619.054965
619.113617
619.1236
619.132275
619.14471
619.167176
619.167348
619.208818
619.214417
619.242845
619.251761
619.257919
619.273346
619.284686
619.2863
619.294613
619.33948
619.394589
619.395027
619.398543
619.40839
619.410872
619.425604
619.4269
619.429553
619.434902
619.436723
619.442891
619.454072
619.460991
619.461057
619.466037
619.467796
619.495549
619.498514
619.500811
619.512975
619.516108
619.518348
619.528192
619.538078
619.538106
619.546392
619.551882
619.553909
619.571661
619.571943
619.571954
619.596091
619.611414
619.612889
619.615009
619.616513
619.643735
619.6455
619.653735
619.658248
619.67797
619.678087
619.682556
619.684833
619.692136
619.716831
619.73251
619.732944
619.743071
619.74545
619.746383
619.752863
619.769613
619.772628
619.787931
619.788832
619.812226
619.817653
619.824867
619.829522
619.834504
619.834788
619.836076
619.854009
619.878038
619.884085
619.900574
619.916967
619.922945
619.933034
619.936522
619.945703
619.946522
619.953495
619.967829
619.97767
620.011421
620.015148
620.016043
620.019191
620.026781
620.031882
620.043146
620.045704
620.052586
620.063175
620.063457
620.07646
620.081052
620.082887
620.092715
620.10372
620.112197
620.126048
620.1381
620.13907
620.141081
620.150136
620.181383
620.200539
620.209172
620.211598
620.224644
620.232452
620.235228
620.265871
620.270395
620.276333
620.283488
620.285736
620.29039
620.293519
620.303344
620.305605
620.324323
620.331947
620.333322
620.346085
620.349902
620.35445
620.369411
620.379074
620.38254
620.382786
620.386585
620.401416
620.408047
620.409581
620.410832
620.415144
620.415943
620.416355
620.432566
620.440044
620.451091
620.453461
620.474862
620.485194
620.485583
620.495724
620.49709
620.515146
620.537803
620.5601
620.562483
620.565703
620.568879
620.602358
620.607597
620.612661
620.617996
620.63362
620.634067
620.635869
620.639214
620.6516
620.675038
620.677576
620.695033
620.70084
620.7036
620.718239
620.724209
620.735438
620.742735
620.749399
620.750825
620.75179
620.758236
620.77525
620.78032
620.786526
620.807966
620.818334
620.818962
620.819828
620.822934
620.832341
620.834246
620.843274
620.851001
620.851625
620.859519
620.863925
620.868919
620.873777
620.900898
620.901742
620.912856
620.917156
620.917948
620.931542
620.946095
620.947398
620.960875
620.964822
620.975394
620.990484
620.991695
620.998795
621.000914
621.012923
621.026286
621.027145
621.030444
621.036222
621.039217
621.042857
621.048316
621.059134
621.059642
621.061711
621.064683
621.079767
621.08412
621.094991
621.098225
621.100816
621.106033
621.121027
621.12369
621.137965
621.139034
621.139086
621.150349
621.156449
621.169912
621.169978
621.171213
621.173391
621.175133
621.177461
621.180149
621.185009
621.192319
621.205157
621.206845
621.238718
621.23941
621.240037
621.245749
621.247197
621.255147
621.285918
621.297782
621.298069
621.322145
621.330369
621.342813
621.344819
621.346952
621.35152
621.361139
621.361624
621.372822
621.373657
621.383486
621.405555
621.408623
621.410387
621.421465
621.428278
621.445821
621.44977
621.450929
621.460351
621.461865
621.476185
621.479043
621.480658
621.488054
621.488731
621.491906
621.495898
621.507862
621.518837
621.524347
621.557826
621.577709
621.581233
621.602061
621.62969
621.640118
621.651929
621.652602
621.663002
621.666272
621.682617
621.688121
621.694482
621.705973
621.709083
621.712904
621.716601
621.733833
621.74281
621.746829
621.751833
621.758698
621.779678
621.781428
621.784937
621.788748
621.78888
621.811258
621.820615
621.828717
621.834766
621.840311
621.842568
621.846499
621.856265
621.869766
621.871325
621.872466
621.887635
621.887694
621.890433
621.896821
621.901382
621.912382
621.912961
621.92195
621.927899
621.928977
621.934646
621.937216
621.938445
621.94668
621.950039
621.960352
621.961176
621.964924
621.96817
621.970194
621.979716
621.994865
621.999326
622.002465
622.01414
622.017125
622.017315
622.048185
622.051718
622.063085
622.066624
622.066874
622.06857
622.077517
622.081014
622.081385
622.082893
622.092953
622.104106
622.107119
622.10858
622.117341
622.132449
622.140301
622.154486
622.155568
622.164378
622.168564
622.170677
622.186449
622.195452
622.196037
622.198256
622.199531
622.201975
622.203354
622.234882
622.237113
622.246734
622.247743
622.252548
622.257246
622.258707
622.259983
622.262621
622.264371
622.273076
622.2733
622.27561
622.288801
622.297501
622.305603
622.306584
622.312153
622.327525
622.332592
622.334229
622.335443
622.337742
622.343844
622.344336
622.347065
622.348454
622.354376
622.385663
622.386466
622.388741
622.407144
622.41183
622.417943
622.428399
622.44625
622.447361
622.450038
622.453252
622.465748
622.471863
622.472143
622.473516
622.476016
622.487273
622.488646
622.490768
622.490892
622.500772
622.510179
622.510267
622.512019
622.515554
622.518026
622.523083
622.528113
622.530704
622.542801
622.545682
622.55457
622.557754
622.560472
622.576924
622.580991
622.581326
622.581535
622.58286
622.589954
622.593933
622.611342
622.612454
622.614391
622.620456
622.621026
622.626213
622.626507
622.63599
622.636944
622.643071
622.643953
622.644448
622.647572
622.648957
622.655919
622.658644
622.664713
622.665945
622.666639
622.671044
622.677465
622.692396
622.693219
622.697738
622.705825
622.711673
622.716624
622.724678
622.726964
622.728556
622.741004
622.741674
622.743907
622.7482
622.749186
622.749851
622.752308
622.753158
622.770508
622.771939
622.772176
622.777436
622.781229
622.785024
622.785429
622.789531
622.792339
622.809036
622.821169
622.824854
622.833326
622.838295
622.841165
622.843443
622.858998
622.860782
622.874657
622.888251
622.897861
622.900285
622.90367
622.905483
622.905741
622.908325
622.910159
622.911808
622.927364
622.927499
622.932334
622.937841
622.942064
622.947789
622.948698
622.949022
622.95189
622.953143
622.957663
622.975242
622.97571
622.977568
622.977833
622.978429
622.980639
622.981343
622.981368
622.982034
622.98393
622.988384
622.992764
622.99826
623.007757
623.008259
623.015429
623.01689
623.040242
623.044211
623.044244
623.045246
623.049576
623.051243
623.053127
623.054265
623.065916
623.069838
623.071667
623.076985
623.082758
623.084101
623.100389
623.100595
623.103997
623.109796
623.116318
623.117993
623.120775
623.128945
623.129442
623.130881
623.134646
623.146569
623.147875
623.149761
623.151638
623.156046
623.159658
623.175656
623.176262
623.17683
623.187438
623.197486
623.19833
623.202839
623.202929
623.205998
623.213688
623.21552
623.22357
623.224352
623.229578
623.230497
623.234955
623.23552
623.245256
623.249019
623.261203
623.267375
623.268103
623.26978
623.280427
623.281458
623.290198
623.314661
623.315345
623.315642
623.318138
623.319915
623.322333
623.32421
623.326493
623.345709
623.348601
623.368645
623.370761
623.371015
623.373207
623.379282
623.380793
623.380994
623.387524
623.388884
623.390593
623.398379
623.400162
623.405219
623.406267
623.411414
623.411567
623.417312
623.418746
623.421463
623.422709
623.422752
623.424073
623.425007
623.42539
623.431659
623.436009
623.438955
623.44158
623.442124
623.444003
623.464375
623.464399
623.465802
623.472649
623.473964
623.47457
623.475291
623.485293
623.491577
623.498289
623.502084
623.508306
623.51215
623.512611
623.524152
623.525116
623.525167
623.530137
623.53142
623.5378
623.541487
623.544325
623.549004
623.557146
623.558256
623.559224
623.564845
623.564867
623.56619
623.56691
623.569016
623.570185
623.572673
623.576814
623.578706
623.578795
623.580548
623.58748
623.58946
623.59044
623.594663
623.5951
623.595287
623.606914
623.61272
623.618527
623.622401
623.627781
623.629722
623.631238
623.636267
623.644118
623.678063
623.679218
623.682535
623.694539
623.695696
623.700006
623.701415
623.704383
623.705201
623.710034
623.710104
623.710154
623.710989
623.712445
623.715408
623.724327
623.728329
623.730047
623.734063
623.734753
623.741699
623.754054
623.755875
623.764495
623.771924
623.77259
623.773921
623.783883
623.793466
623.798881
623.807923
623.808711
623.811239
623.812043
623.812849
623.824816
623.825138
623.825554
623.826246
623.83874
623.839137
623.844015
623.85607
623.862085
623.862154
623.879291
623.879526
623.880387
623.882509
623.886619
623.88931
623.892595
623.893791
623.897547
623.898109
623.906321
623.909977
623.91208
623.912947
623.916724
623.919297
623.919563
623.921213
623.92325
623.925894
623.926995
623.927639
623.931966
623.933218
623.934981
623.936831
623.941789
623.942433
623.947082
623.947109
623.956051
623.956776
623.971695
623.97952
623.980771
623.985236
623.98772
623.993107
623.993139
623.99572
623.996721
624.008191
624.011846
624.019062
624.019707
624.029301
624.042825
624.06066
624.067516
624.069596
624.069674
624.072891
624.074209
624.07936
624.080273
624.085333
624.087054
624.094663
624.117768
624.119167
624.124471
624.130752
624.131134
624.13934
624.161312
624.16941
624.170916
624.181217
624.181429
624.183395
624.186984
624.196324
624.202636
624.204208
624.210475
624.212624
624.22012
624.223847
624.224685
624.224986
624.226811
624.22688
624.228846
624.228931
624.234887
624.236657
624.242467
624.244888
624.245899
624.260307
624.264888
624.281291
624.283167
624.284657
624.285339
624.288666
624.292819
624.297584
624.300098
624.30297
624.303957
624.305977
624.333306
624.338566
624.338881
624.346514
624.357845
624.358796
624.360704
624.366287
624.367059
624.383848
624.384787
624.391351
624.406945
624.406983
624.423085
624.43427
624.441955
624.446186
624.4546
624.459227
624.467191
624.471624
624.473195
624.474424
624.483701
624.486792
624.487259
624.487942
624.491825
624.492414
624.502765
624.505479
624.510634
624.51213
624.521177
624.524372
624.53277
624.536007
624.538628
624.551416
624.561401
624.564392
624.565961
624.56657
624.570015
624.57021
624.574107
624.57906
624.581556
624.586183
624.588938
624.589648
624.59571
624.596663
624.59862
624.59929
624.603598
624.611781
624.615818
624.631956
624.63648
624.650817
624.651242
624.654157
624.660711
624.672903
624.676448
624.684956
624.689284
624.691712
624.693528
624.696755
624.698738
624.703376
624.706292
624.709919
624.713364
624.714093
624.718279
624.720251
624.722378
624.723467
624.734301
624.738759
624.739189
624.740639
624.750826
624.753847
624.757669
624.758204
624.768242
624.775762
624.777965
624.784984
624.78638
624.798897
624.821077
624.823465
624.826085
624.829366
624.832759
624.836788
624.837786
624.838503
624.839581
624.839671
624.844232
624.849476
624.849861
624.851383
624.864544
624.86876
624.879242
624.879606
624.882399
624.885337
624.886631
624.899017
624.899175
624.899509
624.902985
624.920908
624.923561
624.925103
624.928793
624.93514
624.93878
624.938979
624.941283
624.943919
624.956346
624.959319
624.961147
624.9647
624.967986
624.974532
624.974754
624.978924
624.981631
624.984871
624.986141
624.986919
624.989496
624.99386
624.998129
624.998458
624.999426
625.001688
625.007878
625.011075
625.012377
625.012561
625.012581
625.018595
625.018963
625.019416
625.023915
625.024723
625.031099
625.032924
625.033426
625.038141
625.042807
625.046308
625.050964
625.058511
625.059321
625.060962
625.061348
625.063702
625.066785
625.06718
625.070298
625.070869
625.085308
625.096691
625.096817
625.101492
625.105611
625.105783
625.113063
625.121467
625.124168
625.131848
625.143597
625.145131
625.152828
625.154109
625.154998
625.155197
625.156064
625.159764
625.162497
625.166174
625.188497
625.194971
625.197179
625.198264
625.199473
625.200632
625.202435
625.206652
625.21321
625.216884
625.220484
625.222131
625.22534
625.228082
625.228443
625.242708
625.250017
625.25005
625.253688
625.264336
625.264528
625.267418
625.275223
625.278033
625.286346
625.286918
625.293941
625.294679
625.302575
625.303888
625.305119
625.305986
625.30739
625.307481
625.308493
625.311121
625.314773
625.315752
625.322699
625.325784
625.335135
625.337657
625.342774
625.344355
625.348437
625.35147
625.363432
625.364717
625.367475
625.370665
625.37498
625.386393
625.391876
625.398655
625.402995
625.403865
625.405006
625.406828
625.412393
625.4182
625.425027
625.434292
625.435487
625.437528
625.443351
625.444319
625.451065
625.460955
625.469009
625.47326
625.476955
625.477249
625.477444
625.478361
625.47849
625.479709
625.481139
625.481334
625.48141
625.481945
625.486873
625.4934
625.497186
625.499986
625.502185
625.505334
625.508131
625.51193
625.513545
625.51481
625.540178
625.541683
625.552174
625.553008
625.555225
625.558813
625.563228
625.574773
625.578393
625.585217
625.585833
625.588718
625.591174
625.593232
625.60052
625.602269
625.612273
625.61355
625.617006
625.621084
625.62501
625.625912
625.628531
625.630293
625.631807
625.63261
625.634917
625.636931
625.638723
625.641272
625.642613
625.643778
625.647806
625.648327
625.649243
625.651206
625.652573
625.654742
625.655073
625.65721
625.662206
625.66368
625.665043
625.669943
625.678373
625.684737
625.692835
625.701655
625.702061
625.706222
625.709956
625.710798
625.711857
625.721503
625.728931
625.729397
625.729788
625.732514
625.735359
625.738083
625.743696
625.747801
625.75279
625.757123
625.759544
625.761107
625.761711
625.761904
625.764831
625.769679
625.791079
625.792839
625.803405
625.809525
625.813824
625.813896
625.818245
625.818508
625.823856
625.832513
625.838115
625.840248
625.840497
625.849328
625.85074
625.851228
625.858516
625.860266
625.861943
625.865063
625.865072
625.869406
625.877758
625.878606
625.88147
625.882705
625.883452
625.885029
625.8894
625.890127
625.89327
625.901326
625.902286
625.902565
625.908559
625.908852
625.910346
625.913011
625.921389
625.921681
625.921794
625.924964
625.926238
625.926497
625.930013
625.941063
625.946305
625.946933
625.94718
625.947304
625.947436
625.950937
625.954738
625.9555
625.961237
625.964684
625.972675
625.973909
625.976069
625.980721
625.982198
625.98352
625.987437
625.996632
626.003046
626.006148
626.010058
626.014131
626.014786
626.019566
626.021234
626.022161
626.023472
626.029569
626.037144
626.040546
626.040623
626.041543
626.046569
626.046972
626.048125
626.049433
626.05263
626.053751
626.055789
626.057524
626.05872
626.059079
626.06555
626.067542
626.068901
626.079212
626.082254
626.086412
626.08901
626.090055
626.093305
626.103682
626.106178
626.106958
626.110478
626.112216
626.113412
626.114982
626.11509
626.11539
626.115473
626.115838
626.115954
626.120392
626.122348
626.123045
626.139184
626.145663
626.149526
626.154202
626.157015
626.160307
626.168932
626.180897
626.182744
626.192956
626.200748
626.209373
626.2113
626.212714
626.216225
626.223333
626.223548
626.223716
626.230361
626.242904
626.251228
626.257538
626.265896
626.278713
626.280359
626.281619
626.285929
626.288246
626.289578
626.292427
626.297254
626.298196
626.30635
626.308841
626.309738
626.31347
626.314022
626.320241
626.322001
626.323704
626.333985
626.336419
626.340481
626.341905
626.342213
626.34453
626.344592
626.349022
626.350391
626.353201
626.353214
626.353293
626.355457
626.358142
626.359542
626.35969
626.36705
626.367679
626.36829
626.374564
626.375422
626.376835
626.380223
626.383122
626.384351
626.387463
626.38822
626.392642
626.395801
626.399197
626.403716
626.404502
626.408863
626.411756
626.415566
626.422717
626.431399
626.434722
626.434825
626.434876
626.435034
626.437499
626.44026
626.441374
626.445709
626.455541
626.455564
626.456584
626.459053
626.460406
626.468844
626.469834
626.472383
626.476961
626.481624
626.483212
626.485129
626.514148
626.514605
626.519113
626.520069
626.522717
626.523439
626.533675
626.535301
626.538511
626.539055
626.542693
626.56027
626.566154
626.581826
626.583094
626.587375
626.592505
626.592932
626.605485
626.615322
626.617439
626.618464
626.619649
626.621887
626.627885
626.633093
626.63581
626.638933
626.63949
626.640645
626.642014
626.64297
626.643569
626.643901
626.647974
626.649481
626.656799
626.658501
626.663402
626.664214
626.664762
626.66499
626.66671
626.667368
626.680389
626.684282
626.686461
626.687643
626.689027
626.697871
626.69848
626.699796
626.703233
626.711077
626.714843
626.716886
626.718427
626.719659
626.719828
626.729715
626.729729
626.732712
626.74034
626.746455
626.748826
626.749944
626.750885
626.757042
626.757146
626.757837
626.763424
626.763512
626.768866
626.770114
626.77203
626.773941
626.775306
626.775377
626.779249
626.793124
626.805044
626.807227
626.814027
626.814178
626.815717
626.822003
626.830134
626.832236
626.833461
626.835511
626.83721
626.837746
626.838838
626.842545
626.842597
626.843528
626.846109
626.850173
626.860019
626.872669
626.877657
626.882513
626.883936
626.887094
626.887245
626.896965
626.899576
626.899808
626.902074
626.914174
626.91543
626.916676
626.91976
626.920894
626.925616
626.92649
626.929502
626.933361
626.934024
626.939904
626.943446
626.946211
626.946654
626.951259
626.958059
626.960548
626.96055
626.965841
626.974484
626.978041
626.980229
626.981545
626.981636
626.988061
626.990974
626.992188
626.996571
626.996935
627.002
627.006332
627.008935
627.009771
627.011008
627.011746
627.01255
627.016262
627.02338
627.028849
627.03156
627.031849
627.03461
627.034861
627.034979
627.040099
627.04333
627.050074
627.052282
627.057633
627.066669
627.068696
627.072822
627.083028
627.083785
627.086189
627.087194
627.093011
627.09732
627.100236
627.100348
627.102323
627.103227
627.103718
627.107685
627.120916
627.123223
627.124048
627.124065
627.131748
627.133036
627.13543
627.135577
627.15051
627.150592
627.152728
627.15311
627.153207
627.155882
627.159327
627.161178
627.166749
627.168411
627.17426
627.174482
627.175795
627.177042
627.179447
627.180136
627.182703
627.193896
627.199798
627.202229
627.204777
627.2069
627.208449
627.212246
627.214906
627.217653
627.220267
627.222311
627.223632
627.2241
627.227852
627.230306
627.240564
627.243646
627.244565
627.244703
627.248491
627.250161
627.255093
627.268376
627.269312
627.275466
627.276217
627.276361
627.277871
627.284056
627.292343
627.294658
627.298242
627.298941
627.30461
627.311758
627.312716
627.312787
627.314408
627.31656
627.317649
627.320965
627.323868
627.324837
627.325309
627.342191
627.344107
627.351685
627.35224
627.352273
627.352317
627.365014
627.367052
627.369058
627.369571
627.37162
627.373422
627.374134
627.376432
627.378106
627.392721
627.396501
627.396696
627.396904
627.402847
627.410914
627.418467
627.42294
627.423854
627.431288
627.433155
627.437438
627.439201
627.442922
627.44677
627.453508
627.454546
627.460487
627.461638
627.461739
627.463145
627.466054
627.467666
627.467927
627.469003
627.4721
627.475934
627.479333
627.480036
627.481641
627.487563
627.498758
627.503261
627.505497
627.508677
627.511826
627.516484
627.517062
627.517214
627.523591
627.525196
627.526425
627.529338
627.53008
627.534623
627.536714
627.537363
627.55568
627.556756
627.563118
627.57106
627.589082
627.594142
627.605778
627.608618
627.610415
627.618403
627.626875
627.636665
627.636899
627.639414
627.64376
627.645275
627.651534
627.661356
627.670925
627.686671
627.700799
627.702946
627.705388
627.707089
627.711649
627.713519
627.724436
627.731105
627.732794
627.734241
627.738227
627.739533
627.741598
627.746278
627.747289
627.747682
627.756459
627.764875
627.764877
627.769047
627.770185
627.772502
627.774134
627.777426
627.783815
627.785612
627.78694
627.787523
627.789721
627.792557
627.793423
627.796179
627.805677
627.808372
627.812623
627.817428
627.819776
627.820018
627.822637
627.829297
627.835766
627.84072
627.842165
627.844604
627.845994
627.846596
627.847508
627.848437
627.848908
627.850144
627.852552
627.853154
627.859843
627.860092
627.86253
627.863464
627.867325
627.876617
627.880301
627.883833
627.885657
627.886646
627.892702
627.893466
627.904499
627.906535
627.910333
627.911454
627.913153
627.915522
627.922047
627.928302
627.92894
627.931018
627.933102
627.936755
627.937076
627.939494
627.943555
627.947778
627.956497
627.959821
627.960145
627.973706
627.974676
627.977985
627.979389
627.982145
627.990934
628.00391
628.010595
628.013169
628.016715
628.020117
628.02318
628.024665
628.026746
628.028018
628.030336
628.037176
628.043273
628.043538
628.044455
628.046082
628.047961
628.050096
628.050265
628.055488
628.058467
628.060396
628.067904
628.068862
628.070619
628.076318
628.079088
628.079352
628.081374
628.082591
628.086175
628.094408
628.098073
628.104514
628.110689
628.111259
628.114151
628.114678
628.116212
628.117134
628.129437
628.130161
628.13041
628.134323
628.135411
628.137316
628.140195
628.143824
628.147541
628.150571
628.152252
628.153821
628.156227
628.159113
628.165747
628.168344
628.168528
628.174667
628.178487
628.179639
628.191684
628.192836
628.193111
628.195733
628.196618
628.197208
628.204235
628.205865
628.207159
628.210533
628.213398
628.21789
628.219163
628.219278
628.221039
628.222141
628.222751
628.223546
628.226553
628.228127
628.229625
628.236291
628.238071
628.238723
628.239592
628.239884
628.242915
628.24344
628.249983
628.253667
628.254359
628.258089
628.258848
628.274483
628.274764
628.274986
628.281718
628.285123
628.285348
628.290562
628.290965
628.294422
628.294983
628.296172
628.302149
628.302267
628.303639
628.305297
628.306251
628.308811
628.308951
628.31056
628.310685
628.311278
628.317401
628.319227
628.320806
628.325858
628.32826
628.331434
628.335056
628.335657
628.340918
628.342317
628.347244
628.34885
628.3492
628.351739
628.35453
628.35463
628.358174
628.37011
628.373916
628.375694
628.377213
628.379047
628.38319
628.389489
628.391828
628.394747
628.395073
628.397717
628.410835
628.410935
628.41321
628.427276
628.430711
628.431067
628.431478
628.432583
628.43331
628.435463
628.439447
628.439937
628.441117
628.443246
628.445888
628.45387
628.459611
628.464627
628.466571
628.467989
628.471331
628.476054
628.480251
628.481788
628.488006
628.489064
628.490444
628.497395
628.502679
628.504527
628.50557
628.506138
628.510719
628.51118
628.514698
628.515379
628.517594
628.525705
628.530704
628.536122
628.536387
628.537981
628.539647
628.539965
628.545818
628.546479
628.547804
628.549008
628.550665
628.552223
628.55467
628.564073
628.567007
628.567169
628.571022
628.571628
628.572274
628.572429
628.573324
628.577631
628.579286
628.582871
628.587414
628.59201
628.601071
628.602869
628.60341
628.61335
628.618973
628.620104
628.620668
628.622014
628.622936
628.623414
628.624004
628.625487
628.627017
628.628426
628.630336
628.632206
628.63248
628.635221
628.636977
628.63867
628.65796
628.659835
628.673986
628.679806
628.680203
628.684148
628.685256
628.685516
628.68884
628.694121
628.694298
628.694528
628.696171
628.696376
628.700836
628.70826
628.708742
628.709522
628.709741
628.714253
628.71714
628.71883
628.718979
628.719454
628.719588
628.721099
628.723759
628.724831
628.724939
628.735687
628.736613
628.739876
628.743631
628.750814
628.752117
628.75305
628.753343
628.759514
628.759658
628.764905
628.765078
628.766238
628.773259
628.775348
628.777599
628.780269
628.782262
628.78261
628.78579
628.788459
628.791754
628.792694
628.792868
628.794134
628.797582
628.797867
628.798931
628.800527
628.801756
628.802138
628.802678
628.808463
628.816264
628.818999
628.825058
628.825072
628.826239
628.827355
628.830925
628.837292
628.841386
628.842945
628.848834
628.855575
628.858819
628.858871
628.861692
628.863195
628.864504
628.869179
628.871436
628.875222
628.879934
628.880792
628.882335
628.882555
628.887027
628.889809
628.890364
628.892861
628.895904
628.897558
628.901253
628.908798
628.911821
628.912114
628.916768
628.917448
628.925406
628.932473
628.93878
628.941714
628.943667
628.957792
628.957895
628.961548
628.961777
628.964239
628.964757
628.965835
628.972755
628.979693
628.981338
628.985228
628.985458
628.988964
628.992372
628.994095
628.995295
628.995805
628.996545
629.000829
629.000992
629.001396
629.002106
629.004881
629.005545
629.00868
629.008956
629.010409
629.019087
629.020437
629.026876
629.040533
629.044846
629.045443
629.045673
629.045947
629.047217
629.051378
629.054728
629.055467
629.055802
629.056624
629.057334
629.060346
629.063285
629.064939
629.06682
629.070126
629.071339
629.071885
629.075863
629.076788
629.077685
629.078579
629.084102
629.088919
629.089872
629.0938
629.095619
629.096759
629.097316
629.099904
629.100333
629.103612
629.108581
629.110876
629.115394
629.129204
629.129253
629.129395
629.134485
629.136713
629.142183
629.146676
629.161134
629.164011
629.164946
629.168652
629.169569
629.170533
629.171137
629.172187
629.174407
629.178599
629.179088
629.179459
629.186937
629.188957
629.191922
629.195687
629.200753
629.202485
629.204291
629.208455
629.210732
629.219215
629.223481
629.22528
629.226954
629.231695
629.235372
629.24545
629.24787
629.248911
629.249195
629.251709
629.255205
629.257759
629.26355
629.267452
629.268995
629.269425
629.27194
629.273578
629.278723
629.27895
629.278974
629.281562
629.283284
629.287251
629.288648
629.291467
629.295943
629.298893
629.306435
629.307824
629.309951
629.313778
629.317378
629.320189
629.320955
629.325691
629.331133
629.332319
629.333885
629.334688
629.336768
629.336812
629.338735
629.340781
629.344191
629.344502
629.345458
629.34734
629.347721
629.35024
629.351128
629.35148
629.352475
629.353098
629.355507
629.359596
629.360397
629.362223
629.367319
629.369364
629.370756
629.371755
629.374073
629.377166
629.377263
629.378353
629.381827
629.382336
629.391745
629.398165
629.398459
629.400773
629.404672
629.405751
629.407596
629.408989
629.409726
629.410265
629.410848
629.418115
629.421731
629.427548
629.433977
629.436486
629.436546
629.437571
629.438595
629.439792
629.442138
629.442418
629.44281
629.44423
629.449953
629.450138
629.452609
629.45382
629.455692
629.457832
629.464717
629.469635
629.47586
629.481548
629.481687
629.483357
629.485248
629.48603
629.48605
629.487999
629.488992
629.490016
629.490395
629.49191
629.491979
629.49603
629.496351
629.497951
629.500474
629.501986
629.502806
629.504176
629.505877
629.50633
629.508893
629.510195
629.517907
629.519021
629.519405
629.524364
629.524634
629.525383
629.525955
629.530104
629.540053
629.544849
629.546902
629.54691
629.550388
629.553997
629.554309
629.555284
629.557394
629.561435
629.562145
629.573368
629.573604
629.573801
629.586227
629.587788
629.588633
629.590066
629.59098
629.593111
629.599409
629.599901
629.600264
629.600525
629.603108
629.606222
629.615364
629.622527
629.625411
629.631213
629.660516
629.662871
629.666251
629.666901
629.67214
629.674498
629.674812
629.680976
629.686799
629.686834
629.688418
629.688946
629.69121
629.700327
629.704302
629.705648
629.708513
629.711077
629.712152
629.712667
629.713519
629.716586
629.718693
629.721909
629.724672
629.725159
629.726521
629.727137
629.731705
629.733832
629.734398
629.734779
629.735482
629.736098
629.739048
629.740399
629.743155
629.74414
629.746865
629.766028
629.766503
629.76704
629.769192
629.771731
629.772198
629.784745
629.786352
629.788369
629.790145
629.792105
629.797352
629.797483
629.79883
629.79974
629.803507
629.805059
629.80568
629.80634
629.808633
629.811585
629.812391
629.816112
629.816842
629.829636
629.835172
629.83735
629.838526
629.839121
629.840861
629.849101
629.851332
629.860714
629.861706
629.861852
629.862143
629.86255
629.865399
629.868144
629.870153
629.878821
629.885458
629.886979
629.887032
629.889658
629.891233
629.893285
629.894148
629.898282
629.901101
629.902405
629.90342
629.903606
629.904038
629.911276
629.912294
629.91254
629.913525
629.913616
629.913914
629.917073
629.919
629.919318
629.920918
629.926084
629.926509
629.927703
629.928954
629.936998
629.945115
629.945628
629.947521
629.947802
629.949791
629.950301
629.952762
629.953223
629.960902
629.961047
629.967339
629.969007
629.972756
629.97328
629.973893
629.974531
629.975947
629.98154
629.984322
629.986245
629.987404
629.987485
629.989164
629.995454
629.996366
629.997771
629.999613
630.000006
630.00092
630.001941
630.005056
630.00794
630.008548
630.012565
630.014706
630.015063
630.015075
630.015856
630.025885
630.026324
630.027503
630.032323
630.04088
630.043775
630.04385
630.04574
630.046058
630.046709
630.046747
630.047947
630.049157
630.053349
630.053468
630.061789
630.061929
630.063069
630.064667
630.064714
630.065315
630.06535
630.066269
630.066345
630.072275
630.076988
630.077775
630.081246
630.081584
630.083305
630.083841
630.084122
630.08442
630.090187
630.090918
630.094113
630.094278
630.096327
630.100042
630.102565
630.103011
630.107557
630.112745
630.117935
630.120566
630.128323
630.130144
630.133246
630.134533
630.135481
630.13737
630.138972
630.139287
630.14081
630.143307
630.147988
630.1481
630.148545
630.150988
630.151964
630.152182
630.155316
630.159446
630.161464
630.162329
630.164446
630.168644
630.168734
630.170743
630.170911
630.181424
630.182534
630.183646
630.184557
630.189523
630.190951
630.194957
630.197385
630.198559
630.199558
630.202633
630.205465
630.211594
630.213492
630.213555
630.220153
630.221059
630.222242
630.229962
630.232115
630.235937
630.242884
630.247407
630.247537
630.248187
630.248431
630.248474
630.249007
630.24943
630.250656
630.256762
630.262153
630.263969
630.265348
630.267063
630.272066
630.273351
630.275717
630.276281
630.289266
630.290818
630.292833
630.293021
630.293286
630.300154
630.300901
630.301447
630.301894
630.305211
630.30826
630.309748
630.314828
630.317408
630.319355
630.323533
630.32361
630.328386
630.332338
630.333006
630.338537
630.341034
630.342435
630.342536
630.345021
630.346047
630.346677
630.350036
630.350949
630.351323
630.355826
630.356655
630.360672
630.364821
630.36752
630.378231
630.38199
630.383148
630.384198
630.386034
630.38888
630.389254
630.394174
630.397799
630.398539
630.408654
630.410603
630.412534
630.413752
630.416329
630.420342
630.426087
630.426303
630.42646
630.426524
630.428302
630.42931
630.430168
630.431114
630.431245
630.431711
630.43538
630.435455
630.439104
630.440074
630.441776
630.447906
630.447986
630.452358
630.467401
630.468668
630.471366
630.473568
630.474116
630.482529
630.483026
630.483586
630.491147
630.500333
630.504049
630.505374
630.505676
630.506033
630.508261
630.514563
630.526301
630.53179
630.540679
630.543596
630.546204
630.546584
630.55213
630.553151
630.556058
630.559885
630.560694
630.561054
630.566351
630.566475
630.570148
630.571982
630.57335
630.575259
630.580004
630.580468
630.584223
630.585952
630.586931
630.587617
630.590404
630.598882
630.600292
630.602802
630.608066
630.611914
630.617507
630.61984
630.622015
630.624036
630.624447
630.625162
630.629882
630.630188
630.635138
630.636676
630.638607
630.639342
630.640244
630.649
630.654199
630.65733
630.661687
630.669863
630.670983
630.671145
630.673458
630.678422
630.679029
630.680184
630.680812
630.682158
630.684064
630.685174
630.687572
630.691939
630.696998
630.699202
630.700089
630.700192
630.703062
630.704119
630.704253
630.708522
630.710735
630.712092
630.713086
630.713239
630.718717
630.723531
630.72453
630.727883
630.73151
630.732993
630.739912
630.740148
630.741956
630.746708
630.752072
630.756399
630.764385
630.764735
630.765282
630.766628
630.767206
630.767478
630.773118
630.773439
630.785109
630.786383
630.790885
630.79131
630.792463
630.794871
630.796473
630.800581
630.803298
630.808069
630.810598
630.810852
630.810905
630.824377
630.824662
630.826049
630.826771
630.828799
630.829055
630.830368
630.830376
630.831982
630.832603
630.834572
630.835143
630.835614
630.836186
630.83829
630.841505
630.843719
630.843738
630.844501
630.844741
630.846595
630.8484
630.849618
630.850914
630.859567
630.866117
630.866456
630.867054
630.867568
630.868045
630.868103
630.871965
630.872475
630.874789
630.876416
630.87767
630.881346
630.883409
630.887693
630.887834
630.892521
630.897367
630.901214
630.905174
630.906776
630.91293
630.918385
630.920925
630.920977
630.921739
630.924549
630.925378
630.925391
630.92571
630.926757
630.929547
630.932336
630.93343
630.935509
630.940646
630.942682
630.943551
630.94464
630.94485
630.947836
630.953665
630.956861
630.958804
630.960194
630.960543
630.96917
630.972796
630.973571
630.973621
630.974138
630.975097
630.975469
630.976231
630.976689
630.979043
630.980827
630.981681
630.982972
630.983083
630.987008
630.988736
630.997029
631.00042
631.001162
631.003349
631.007342
631.009907
631.011029
631.013718
631.016751
631.017905
631.019009
631.022442
631.022872
631.023116
631.026911
631.027824
631.027933
631.028255
631.040507
631.040602
631.053394
631.055228
631.060959
631.061319
631.06298
631.063071
631.064304
631.064339
631.0645
631.065293
631.065756
631.071844
631.075065
631.080276
631.082608
631.08423
631.085992
631.08645
631.087953
631.090795
631.093036
631.101817
631.10439
631.106482
631.108098
631.11149
631.112021
631.114187
631.116298
631.116925
631.123703
631.125757
631.125774
631.142261
631.14684
631.148965
631.150968
631.152001
631.156032
631.15973
631.160017
631.161164
631.167883
631.168096
631.17138
631.176834
631.180136
631.187762
631.188406
631.188745
631.192137
631.192359
631.19502
631.197093
631.199558
631.200738
631.206022
631.206563
631.206578
631.209345
631.209467
631.209959
631.211719
631.21741
631.226052
631.233219
631.236091
631.23923
631.239536
631.241588
631.247439
631.248908
631.251944
631.252673
631.254405
631.257042
631.258462
631.259555
631.260402
631.263808
631.264558
631.266348
631.266873
631.271494
631.272211
631.274641
631.277129
631.277657
631.277808
631.277962
631.279298
631.280387
631.288532
631.290143
631.293495
631.296848
631.301786
631.304432
631.310457
631.312743
631.316997
631.317424
631.320744
631.320964
631.327407
631.329023
631.330554
631.331944
631.335486
631.338511
631.338831
631.342267
631.347429
631.35031
631.350815
631.356668
631.358987
631.360029
631.36165
631.363894
631.371492
631.377248
631.377776
631.377935
631.378397
631.37872
631.382462
631.384006
631.389078
631.392707
631.396597
631.397188
631.3972
631.398894
631.400684
631.40127
631.403908
631.405287
631.408704
631.409876
631.412465
631.415473
631.418221
631.418966
631.419707
631.428354
631.429914
631.432363
631.432603
631.43391
631.436602
631.438157
631.441721
631.44222
631.444275
631.445296
631.445805
631.454051
631.456179
631.457682
631.46135
631.462156
631.46287
631.464112
631.465793
631.46672
631.467772
631.468285
631.472458
631.473487
631.475075
631.476113
631.476393
631.476418
631.476548
631.477549
631.479486
631.482305
631.484436
631.488123
631.489308
631.491103
631.492602
631.494515
631.497145
631.500784
631.503846
631.505091
631.505275
631.508229
631.508999
631.510078
631.511723
631.512352
631.512497
631.515968
631.521212
631.522262
631.524614
631.529849
631.533045
631.533383
631.539467
631.541721
631.550597
631.550886
631.551257
631.555356
631.561269
631.563279
631.564195
631.565404
631.566065
631.567071
631.569428
631.572948
631.575366
631.578161
631.578494
631.579839
631.585164
631.58585
631.590547
631.592444
631.592973
631.593177
631.594946
631.596492
631.596647
631.603363
631.608337
631.610858
631.617744
631.621098
631.623807
631.62456
631.634288
631.637237
631.637466
631.643952
631.645676
631.647939
631.652179
631.652185
631.653299
631.65679
631.657693
631.657753
631.657924
631.665924
631.667864
631.672087
631.678807
631.683994
631.684222
631.685363
631.689189
631.689203
631.689449
631.690066
631.691394
631.69184
631.692462
631.693558
631.693894
631.696592
631.69925
631.701437
631.701742
631.702845
631.703336
631.706411
631.707628
631.711282
631.71182
631.71452
631.715551
631.726007
631.729012
631.729277
631.729346
631.734241
631.734918
631.736412
631.739807
631.74158
631.743735
631.745286
631.746325
631.752356
631.752447
631.752864
631.753104
631.754447
631.757343
631.762442
631.766818
631.777845
631.779457
631.779623
631.77985
631.78027
631.781614
631.783496
631.78528
631.786954
631.791065
631.797174
631.798483
631.799182
631.800121
631.800679
631.802142
631.803047
631.804733
631.805442
631.806955
631.8117
631.811747
631.818045
631.81858
631.829423
631.829901
631.834487
631.837207
631.839325
631.843055
631.846249
631.846408
631.848848
631.850201
631.85086
631.85189
631.85238
631.85301
631.854573
631.856716
631.857632
631.85848
631.867492
631.867911
631.86899
631.872066
631.875434
631.878675
631.885394
631.888228
631.891259
631.891841
631.894544
631.896258
631.898134
631.903799
631.908614
631.909949
631.914265
631.916625
631.919821
631.921336
631.921442
631.925923
631.932434
631.93894
631.945929
631.946424
631.95079
631.951113
631.952373
631.954201
631.954647
631.958172
631.960974
631.962939
631.963768
631.966811
631.971482
631.972074
631.97405
631.976925
631.977351
631.979474
631.983299
631.983613
631.991835
631.994942
631.999507
632.012078
632.015639
632.01941
632.027924
632.032936
632.035161
632.045292
632.048787
632.04939
632.051298
632.057361
632.066485
632.067686
632.071027
632.07174
632.072687
632.077856
632.080491
632.085647
632.090558
632.091007
632.093027
632.093377
632.096161
632.10382
632.104762
632.106178
632.106394
632.109123
632.110073
632.110499
632.119505
632.120938
632.124234
632.129686
632.133079
632.134568
632.135859
632.136579
632.143425
632.144074
632.145613
632.147048
632.147589
632.14775
632.147994
632.152307
632.152662
632.152708
632.154431
632.154816
632.155678
632.156255
632.157648
632.163089
632.171598
632.177426
632.183948
632.184971
632.1915
632.194779
632.199816
632.201352
632.202145
632.205705
632.211816
632.217445
632.221665
632.222873
632.22885
632.229268
632.232167
632.232601
632.233153
632.233507
632.233603
632.237649
632.238067
632.240418
632.240618
632.242857
632.242974
632.243882
632.244425
632.244989
632.250603
632.251337
632.259019
632.261662
632.263027
632.26766
632.268159
632.277744
632.277858
632.277971
632.278184
632.280278
632.283936
632.283981
632.28631
632.286322
632.28654
632.287256
632.290544
632.291666
632.293436
632.295637
632.298182
632.29833
632.299641
632.301283
632.30165
632.301756
632.302649
632.302747
632.308273
632.310364
632.31221
632.314472
632.320084
632.321023
632.323825
632.325765
632.329845
632.329883
632.332139
632.337149
632.338158
632.338604
632.338658
632.339871
632.342224
632.3487
632.351741
632.354443
632.355789
632.356769
632.35776
632.357858
632.362184
632.364222
632.36484
632.364848
632.367008
632.36914
632.36933
632.37013
632.37016
632.371817
632.374452
632.37552
632.376763
632.376819
632.379933
632.384312
632.390544
632.39139
632.392502
632.393483
632.394659
632.39487
632.396725
632.401687
632.40381
632.405051
632.410806
632.411811
632.413656
632.421927
632.427144
632.432163
632.433624
632.434471
632.439552
632.443687
632.445158
632.449914
632.453225
632.453298
632.455467
632.455739
632.463925
632.464483
632.464588
632.468564
632.468765
632.479111
632.481705
632.487053
632.487203
632.491528
632.4928
632.494966
632.50232
632.50366
632.507736
632.509352
632.510719
632.511909
632.513713
632.517255
632.518529
632.521329
632.52225
632.523957
632.525047
632.526861
632.52933
632.534055
632.534256
632.535614
632.53984
632.544405
632.548379
632.548613
632.554919
632.555041
632.559127
632.568354
632.568978
632.571386
632.573376
632.578159
632.580141
632.581953
632.582864
632.583545
632.588064
632.589421
632.589733
632.594524
632.595315
632.597371
632.597942
632.614296
632.617591
632.617736
632.617823
632.619265
632.621002
632.62123
632.624122
632.624137
632.625735
632.626285
632.630799
632.630869
632.632591
632.633681
632.634324
632.634389
632.63712
632.639843
632.641246
632.641438
632.644002
632.64929
632.653142
632.656042
632.661755
632.662844
632.666401
632.668719
632.673555
632.674661
632.683232
632.683634
632.693795
632.699105
632.702695
632.704682
632.704807
632.709408
632.709615
632.711121
632.7219
632.723718
632.728701
632.732695
632.732724
632.737342
632.739299
632.739642
632.74059
632.746246
632.748346
632.749941
632.753046
632.759726
632.774114
632.779606
632.781683
632.783154
632.783937
632.784231
632.785686
632.786557
632.787337
632.796843
632.79711
632.798045
632.799357
632.799374
632.800136
632.802152
632.803098
632.804433
632.812215
632.812369
632.821422
632.821518
632.824618
632.828061
632.829575
632.831146
632.833021
632.833672
632.835226
632.837724
632.837882
632.840293
632.841037
632.845301
632.84627
632.848463
632.853672
632.856275
632.856564
632.857368
632.858462
632.858829
632.859159
632.860587
632.878217
632.880127
632.886018
632.886677
632.889964
632.890033
632.892384
632.894179
632.89673
632.900404
632.902142
632.902416
632.905173
632.906464
632.909079
632.913246
632.918425
632.923484
632.92613
632.930804
632.933699
632.937296
632.937552
632.939246
632.94547
632.95084
632.956075
632.958932
632.959973
632.961332
632.962468
632.964245
632.964971
632.966137
632.966935
632.973266
632.973593
632.978864
632.979609
632.981264
632.982405
632.989151
632.994359
632.995024
632.995769
632.996055
632.996068
632.997764
633.003908
633.00576
633.0105
633.012829
633.018946
633.019207
633.020802
633.02095
633.033874
633.034477
633.04143
633.041946
633.043625
633.045166
633.048343
633.059045
633.060785
633.074863
633.074877
633.075671
633.076304
633.07636
633.079089
633.080866
633.081656
633.084337
633.084385
633.09009
633.094669
633.096285
633.098092
633.100683
633.100782
633.101924
633.103056
633.105178
633.108944
633.117379
633.118371
633.120601
633.125624
633.126492
633.127331
633.129609
633.132253
633.133933
633.137484
633.14887
633.149556
633.153494
633.153994
633.158046
633.159364
633.161918
633.167797
633.169827
633.170619
633.18042
633.181182
633.181507
633.186651
633.187149
633.188339
633.189283
633.190146
633.190986
633.1919
633.195082
633.196593
633.198587
633.200889
633.201712
633.2018
633.202686
633.213373
633.21487
633.21556
633.217757
633.219879
633.222444
633.223517
633.224942
633.22669
633.230862
633.236101
633.236877
633.237268
633.238544
633.243586
633.24664
633.24969
633.251781
633.252352
633.254494
633.262094
633.263471
633.264373
633.26525
633.268921
633.27041
633.277321
633.288646
633.289585
633.290702
633.292394
633.292824
633.298056
633.29812
633.300679
633.302982
633.303399
633.304558
633.305369
633.306105
633.307966
633.307999
633.308499
633.318257
633.327198
633.328865
633.328973
633.3373
633.338921
633.339243
633.339503
633.340267
633.341716
633.342623
633.342677
633.346294
633.349285
633.349538
633.351224
633.352651
633.358936
633.362662
633.368932
633.37066
633.374874
633.377087
633.380096
633.383312
633.384322
633.387703
633.390603
633.404728
633.416545
633.430789
633.431067
633.431994
633.432693
633.434998
633.441474
633.444117
633.444557
633.447824
633.448956
633.454266
633.460835
633.464898
633.46677
633.469402
633.473662
633.482663
633.486436
633.488931
633.489926
633.491665
633.494881
633.498466
633.499129
633.505279
633.505787
633.508447
633.509348
633.51046
633.511628
633.512432
633.512748
633.517345
633.522321
633.527062
633.538006
633.540502
633.541269
633.542908
633.543183
633.547177
633.554971
633.55511
633.556408
633.55774
633.557948
633.561246
633.56388
633.565428
633.573942
633.574228
633.574421
633.57524
633.584871
633.585678
633.585841
633.587247
633.587387
633.58959
633.589893
633.593102
633.594629
633.596668
633.600702
633.614795
633.623526
633.62461
633.62939
633.632898
633.633329
633.635568
633.636556
633.639018
633.640335
633.647538
633.648155
633.648396
633.648973
633.652169
633.652935
633.656917
633.659373
633.661506
633.661733
633.662743
633.664062
633.665401
633.667728
633.669085
633.675442
633.675444
633.685601
633.690808
633.691944
633.693114
633.696223
633.696819
633.697202
633.698184
633.699388
633.701419
633.701981
633.71026
633.71063
633.715133
633.727252
633.72754
633.731064
633.731797
633.745389
633.747868
633.755156
633.760399
633.761736
633.762898
633.7645
633.770016
633.780572
633.784719
633.786386
633.794024
633.797485
633.799154
633.802969
633.803362
633.804429
633.804592
633.807727
633.819527
633.83277
633.837069
633.838733
633.839307
633.839598
633.842313
633.844438
633.846077
633.84725
633.853201
633.855707
633.85686
633.858295
633.86024
633.860544
633.861061
633.862947
633.871694
633.871901
633.872137
633.874577
633.877377
633.879268
633.879895
633.888356
633.889724
633.89793
633.899297
633.899725
633.901277
633.904157
633.910187
633.914226
633.921618
633.925916
633.928268
633.94166
633.949284
633.953558
633.956414
633.95761
633.962905
633.964014
633.964165
633.964194
633.966341
633.967118
633.972353
633.974893
633.97909
633.983597
633.993622
633.994386
633.995363
634.000391
634.000765
634.001851
634.011569
634.017403
634.019706
634.023384
634.02486
634.025528
634.028788
634.030507
634.033838
634.034871
634.036047
634.04337
634.05409
634.05563
634.060489
634.063763
634.066589
634.068333
634.07174
634.073043
634.073631
634.076035
634.079473
634.080604
634.083984
634.085783
634.086777
634.090982
634.091407
634.093353
634.093558
634.093797
634.094096
634.095259
634.09836
634.100569
634.101654
634.104572
634.10556
634.107924
634.113527
634.11951
634.127588
634.13083
634.136189
634.139087
634.143711
634.147169
634.150937
634.151293
634.154854
634.161045
634.161264
634.165087
634.166675
634.170045
634.172191
634.175474
634.180119
634.184277
634.187158
634.189177
634.192526
634.194363
634.195864
634.200464
634.209605
634.210881
634.210929
634.211976
634.214658
634.21655
634.218537
634.221774
634.22232
634.22564
634.228
634.229046
634.23
634.235204
634.23615
634.237086
634.23764
634.237958
634.238377
634.24827
634.250043
634.251858
634.252981
634.254238
634.257388
634.258296
634.258526
634.264626
634.26514
634.266975
634.267432
634.271945
634.276267
634.276456
634.280724
634.286505
634.286704
634.289851
634.298753
634.299333
634.299432
634.30147
634.302115
634.304209
634.30957
634.31112
634.312398
634.313406
634.314027
634.315107
634.316549
634.31859
634.32119
634.321654
634.328011
634.331157
634.33296
634.333157
634.337469
634.339735
634.340497
634.352093
634.354447
634.358503
634.3593
634.362926
634.371496
634.371572
634.371808
634.374657
634.377444
634.385376
634.391281
634.399191
634.420923
634.42176
634.426481
634.431834
634.437041
634.437571
634.44099
634.442731
634.445647
634.447254
634.44857
634.452994
634.453393
634.458345
634.463385
634.463608
634.463831
634.465024
634.465863
634.470126
634.470136
634.47529
634.475676
634.477469
634.478124
634.479749
634.480259
634.483092
634.483554
634.484255
634.484514
634.487036
634.487777
634.489224
634.489938
634.495486
634.496195
634.50798
634.51705
634.521872
634.523284
634.525546
634.526745
634.530883
634.537661
634.53859
634.539587
634.539883
634.546807
634.547125
634.549671
634.553131
634.555387
634.561149
634.56165
634.565574
634.567685
634.568867
634.570063
634.576374
634.58112
634.58676
634.587407
634.58748
634.588375
634.593631
634.596025
634.599145
634.605024
634.606197
634.609971
634.614791
634.617818
634.620398
634.625252
634.626788
634.628688
634.629913
634.632837
634.637239
634.639384
634.641382
634.643179
634.644107
634.649005
634.655471
634.656354
634.656431
634.658669
634.666979
634.668684
634.670781
634.676367
634.678024
634.678927
634.679776
634.682716
634.684887
634.686264
634.693088
634.694716
634.695416
634.696455
634.70441
634.704436
634.709457
634.718318
634.720625
634.723316
634.726114
634.726366
634.729102
634.731777
634.731883
634.734071
634.737603
634.741225
634.742639
634.746459
634.747554
634.748603
634.750987
634.753231
634.75439
634.754727
634.757823
634.767064
634.769607
634.773007
634.77302
634.778741
634.780785
634.796709
634.799423
634.799547
634.80246
634.806655
634.810001
634.814906
634.818737
634.819034
634.81965
634.819874
634.821294
634.824865
634.824977
634.829305
634.830004
634.831095
634.834178
634.835828
634.839299
634.841167
634.841972
634.842049
634.843405
634.84501
634.84982
634.856513
634.856817
634.865771
634.868288
634.872544
634.874893
634.884852
634.888626
634.891819
634.893413
634.899008
634.901089
634.904667
634.904966
634.912526
634.914884
634.915089
634.916456
634.918122
634.918692
634.923707
634.929269
634.931671
634.938582
634.94032
634.940832
634.950676
634.956738
634.95738
634.957519
634.958464
634.95852
634.959242
634.965716
634.969596
634.96982
634.970288
634.971099
634.971553
634.972628
634.975078
634.975824
634.979802
634.981932
634.988973
634.989875
634.991038
634.998941
635.000682
635.001412
635.006417
635.010916
635.011421
635.014682
635.016744
635.018337
635.019513
635.020953
635.021238
635.024328
635.026073
635.031379
635.035399
635.037281
635.037705
635.037719
635.044925
635.047215
635.060586
635.063923
635.064593
635.071138
635.072667
635.077204
635.077422
635.07991
635.080277
635.082077
635.090794
635.09337
635.094272
635.102256
635.111299
635.111682
635.112253
635.115038
635.11912
635.121731
635.124571
635.12742
635.12805
635.13004
635.141556
635.142992
635.144045
635.151602
635.151904
635.155098
635.158115
635.158293
635.162622
635.164561
635.167578
635.169653
635.17681
635.177143
635.178682
635.181586
635.181655
635.184395
635.184504
635.185684
635.186156
635.186807
635.187204
635.188174
635.189176
635.192004
635.194111
635.20304
635.206874
635.207018
635.208408
635.209159
635.210153
635.210354
635.210814
635.218461
635.221119
635.224462
635.22798
635.228362
635.235712
635.242399
635.246069
635.248264
635.253275
635.254248
635.256021
635.258097
635.258769
635.262585
635.27315
635.277798
635.28189
635.283354
635.283756
635.289209
635.290616
635.292875
635.294134
635.296125
635.296785
635.297071
635.297384
635.298786
635.300045
635.302743
635.315113
635.315673
635.316661
635.317548
635.318022
635.319716
635.322349
635.326184
635.327172
635.327987
635.330121
635.333597
635.33658
635.338651
635.339139
635.340246
635.346553
635.346853
635.357446
635.358059
635.360286
635.364646
635.371304
635.375165
635.379218
635.381781
635.38262
635.386876
635.396089
635.399165
635.411618
635.413669
635.419202
635.423397
635.426789
635.430734
635.434483
635.437866
635.43922
635.443193
635.446926
635.449614
635.45633
635.458552
635.464951
635.467104
635.469355
635.474238
635.479014
635.480689
635.481273
635.48264
635.487769
635.491016
635.492683
635.49894
635.499685
635.510412
635.510591
635.517697
635.519544
635.523226
635.523459
635.526993
635.527182
635.5334
635.536299
635.538247
635.538614
635.543973
635.546766
635.547072
635.547925
635.551517
635.555209
635.558213
635.559724
635.559734
635.560566
635.56696
635.568123
635.570097
635.571068
635.57388
635.583168
635.588658
635.589688
635.591736
635.593065
635.593336
635.594992
635.598741
635.605688
635.605827
635.60972
635.610803
635.612915
635.615213
635.620969
635.622162
635.624298
635.636378
635.637338
635.641722
635.642335
635.646206
635.657172
635.65826
635.659223
635.662402
635.663389
635.664609
635.667703
635.671433
635.672619
635.673715
635.673836
635.674909
635.67757
635.682332
635.685907
635.693563
635.695044
635.696357
635.697033
635.70764
635.70792
635.708891
635.709328
635.711933
635.714834
635.727756
635.734213
635.735222
635.738566
635.749002
635.752468
635.753517
635.753704
635.760748
635.762722
635.764329
635.764511
635.767365
635.769672
635.772535
635.776326
635.787295
635.787423
635.79154
635.795856
635.804618
635.805864
635.807599
635.809731
635.810603
635.814787
635.815671
635.815936
635.820112
635.821861
635.822678
635.824379
635.825774
635.834667
635.836677
635.840214
635.844629
635.845461
635.848147
635.850134
635.85632
635.860309
635.862214
635.864714
635.867254
635.868043
635.868617
635.871253
635.872948
635.874392
635.877487
635.87768
635.881692
635.881809
635.889872
635.893577
635.895278
635.897024
635.897653
635.898899
635.902202
635.904811
635.905826
635.91212
635.912205
635.913592
635.92062
635.9219
635.925247
635.929566
635.930192
635.931367
635.932356
635.935847
635.936648
635.940734
635.942732
635.94456
635.947467
635.953195
635.961966
635.968478
635.977184
635.983014
635.98445
635.994011
635.994404
635.998734
635.999768
636.000486
636.003901
636.008405
636.011324
636.017778
636.018995
636.02235
636.026614
636.027694
636.02783
636.033845
636.034065
636.03833
636.040453
636.043181
636.046631
636.049595
636.058009
636.059489
636.060687
636.06209
636.062652
636.063534
636.063959
636.066025
636.070251
636.071697
636.071846
636.07886
636.078897
636.080351
636.087527
636.094999
636.096243
636.096565
636.097423
636.101757
636.110835
636.112842
636.115167
636.118241
636.118619
636.120169
636.121919
636.129265
636.129419
636.137059
636.147736
636.157544
636.163643
636.164563
636.170094
636.17117
636.171725
636.172409
636.172493
636.174519
636.175838
636.177109
636.180402
636.188943
636.194088
636.194446
636.195816
636.202331
636.207208
636.212269
636.212692
636.213663
636.215025
636.22618
636.228795
636.234217
636.238582
636.242209
636.242481
636.24944
636.250223
636.253249
636.256875
636.259451
636.260077
636.262542
636.269035
636.27472
636.278316
636.286758
636.290286
636.296599
636.297225
636.299693
636.300243
636.308742
636.312059
636.313679
636.314308
636.315921
636.321788
636.32251
636.326317
636.331595
636.334587
636.337526
636.341507
636.345748
636.347423
636.353218
636.354568
636.354842
636.35727
636.359546
636.360128
636.362635
636.362838
636.363357
636.365802
636.368279
636.371882
636.375341
636.375726
636.380912
636.381154
636.382326
636.394479
636.404017
636.407709
636.409221
636.416338
636.420819
636.42735
636.428425
636.433808
636.434676
636.437585
636.439824
636.442674
636.449962
636.452237
636.454188
636.45668
636.457407
636.460592
636.467766
636.47103
636.479266
636.479547
636.480926
636.482718
636.483809
636.489541
636.491951
636.496945
636.502663
636.503305
636.503815
636.508939
636.512254
636.513058
636.515979
636.521039
636.521794
636.52418
636.528615
636.531779
636.534091
636.537958
636.544094
636.544346
636.546564
636.552293
636.557611
636.558842
636.567109
636.571944
636.573412
636.573427
636.573708
636.585982
636.589264
636.593302
636.594576
636.597037
636.598974
636.599644
636.599882
636.602068
636.606508
636.607776
636.608257
636.610257
636.610653
636.613548
636.619873
636.621745
636.633304
636.633373
636.635698
636.639687
636.640139
636.645503
636.649064
636.650314
636.650328
636.65479
636.656503
636.657081
636.660923
636.66174
636.672428
636.675158
636.68091
636.681646
636.693048
636.700865
636.701484
636.706068
636.7068
636.718235
636.718573
636.718674
636.721412
636.721497
636.727104
636.727944
636.734273
636.742508
636.743865
636.747648
636.751942
636.759387
636.760381
636.761999
636.762758
636.76551
636.766193
636.772047
636.773799
636.776743
636.778869
636.783621
636.784079
636.78866
636.790442
636.790568
636.793378
636.809105
636.809414
636.816924
636.817575
636.818528
636.820382
636.829429
636.83021
636.83793
636.839121
636.839993
636.842818
636.846517
636.847229
636.857695
636.859018
636.861004
636.862412
636.864892
636.870435
636.872235
636.876033
636.885851
636.887335
636.888669
636.888986
636.896567
636.897014
636.908466
636.91388
636.915195
636.916122
636.91629
636.916337
636.917101
636.917112
636.919155
636.923728
636.928129
636.929629
636.935465
636.94074
636.941186
636.94747
636.952177
636.96744
636.967613
636.969478
636.974925
636.977289
636.981911
636.982686
636.989643
636.989985
636.991194
636.998421
637.002335
637.003782
637.004852
637.007521
637.008975
637.013914
637.017042
637.017488
637.0213
637.021998
637.027832
637.029728
637.030201
637.035815
637.03843
637.039063
637.04667
637.046803
637.05475
637.055282
637.059019
637.062002
637.06352
637.064272
637.068514
637.070449
637.076238
637.088087
637.096526
637.09783
637.102665
637.103858
637.112757
637.113386
637.116307
637.121226
637.122907
637.127772
637.129674
637.137088
637.144535
637.164474
637.165838
637.171121
637.171873
637.173526
637.179291
637.181353
637.20143
637.202364
637.207362
637.214541
637.217468
637.227789
637.232347
637.234843
637.237394
637.240465
637.24318
637.24713
637.247444
637.250988
637.25698
637.26188
637.264624
637.264683
637.268215
637.269586
637.273191
637.274559
637.2763
637.278278
637.285239
637.287886
637.290262
637.295075
637.29698
637.301456
637.302109
637.304678
637.307313
637.307836
637.316985
637.318635
637.319046
637.322887
637.323352
637.324094
637.333811
637.334545
637.341149
637.3449
637.347211
637.350335
637.359129
637.364908
637.367633
637.369237
637.375991
637.384546
637.386936
637.404457
637.415413
637.416974
637.423739
637.425676
637.431845
637.433052
637.433558
637.435845
637.437098
637.438284
637.44147
637.451784
637.453602
637.45756
637.462533
637.467535
637.470413
637.470597
637.470738
637.473716
637.475404
637.475563
637.476649
637.478404
637.479588
637.485534
637.492026
637.502322
637.504451
637.508747
637.513446
637.514234
637.519881
637.522953
637.524778
637.533898
637.535957
637.540096
637.540597
637.544698
637.558463
637.56532
637.565552
637.569658
637.569918
637.571891
637.573137
637.576594
637.578401
637.582833
637.58595
637.593598
637.594039
637.599836
637.599945
637.612936
637.616997
637.620735
637.625554
637.627719
637.628049
637.629277
637.632303
637.63282
637.634136
637.640167
637.641087
637.644916
637.652352
637.658126
637.665492
637.667507
637.669295
637.672039
637.675975
637.679517
637.683173
637.688042
637.690365
637.697509
637.698011
637.698371
637.703518
637.703823
637.710286
637.717128
637.718868
637.721645
637.724057
637.727724
637.72815
637.732361
637.734692
637.748554
637.754858
637.758062
637.769704
637.774587
637.776151
637.777216
637.777531
637.778599
637.78072
637.784312
637.79192
637.795908
637.806112
637.809101
637.809427
637.809453
637.812553
637.81262
637.817481
637.822098
637.827901
637.831662
637.831707
637.834638
637.851704
637.852116
637.854658
637.861536
637.874402
637.877944
637.877971
637.880609
637.881271
637.883479
637.888805
637.88924
637.891036
637.89361
637.893614
637.894344
637.897903
637.898876
637.905952
637.906318
637.917614
637.922558
637.925275
637.926963
637.932018
637.935839
637.941461
637.94616
637.946676
637.949962
637.951127
637.95126
637.951315
637.95153
637.952751
637.952775
637.961442
637.964726
637.971159
637.971214
637.973998
637.975455
637.975831
637.976026
637.982006
637.984632
637.986425
637.987068
637.991194
637.995785
638.000956
638.004036
638.004215
638.016137
638.016372
638.024267
638.028464
638.044094
638.044822
638.046442
638.062243
638.062348
638.064381
638.067872
638.073547
638.07502
638.084174
638.093397
638.099885
638.102365
638.104153
638.104341
638.105065
638.105449
638.109497
638.115844
638.128677
638.130599
638.130623
638.139421
638.141399
638.141888
638.143432
638.150673
638.153474
638.164212
638.17046
638.17352
638.179403
638.187343
638.195532
638.195772
638.202048
638.203311
638.203524
638.20838
638.209486
638.214179
638.219172
638.226599
638.230081
638.230812
638.234539
638.238554
638.24409
638.248356
638.252485
638.256328
638.257318
638.272015
638.286328
638.294452
638.298274
638.304552
638.305709
638.311242
638.315502
638.316974
638.317155
638.318109
638.318289
638.327796
638.331956
638.334612
638.335037
638.344142
638.344438
638.360723
638.360724
638.362791
638.364513
638.366168
638.367179
638.369077
638.370974
638.375096
638.378079
638.382666
638.385176
638.386423
638.392308
638.392833
638.394443
638.399865
638.403727
638.420292
638.420322
638.433864
638.434866
638.442765
638.443794
638.445787
638.446275
638.468185
638.470277
638.47851
638.481403
638.49027
638.494332
638.49471
638.49729
638.502226
638.522846
638.525893
638.526973
638.527652
638.533021
638.536816
638.537057
638.540532
638.546215
638.549822
638.551943
638.552047
638.552223
638.558037
638.559906
638.563699
638.564064
638.566239
638.569731
638.570899
638.582767
638.584714
638.60481
638.607908
638.623416
638.623895
638.627139
638.631077
638.633539
638.637617
638.637854
638.639751
638.640445
638.661963
638.662901
638.663065
638.663236
638.666025
638.666285
638.667665
638.681901
638.682332
638.685324
638.687504
638.701668
638.708858
638.709659
638.715397
638.721738
638.724029
638.727073
638.728061
638.7281
638.728864
638.734619
638.738037
638.740392
638.74072
638.760117
638.76599
638.766685
638.767903
638.774461
638.776027
638.782223
638.783209
638.79343
638.793595
638.794033
638.794674
638.795041
638.798102
638.79958
638.799775
638.80743
638.8104
638.811766
638.816717
638.823406
638.826579
638.827186
638.828775
638.830631
638.832263
638.834051
638.842081
638.843801
638.850619
638.850982
638.852456
638.853864
638.861088
638.868611
638.870134
638.872761
638.876092
638.876647
638.882088
638.885729
638.890026
638.890882
638.894321
638.897674
638.908403
638.918188
638.930069
638.931501
638.936357
638.936591
638.940856
638.943277
638.944042
638.945396
638.949709
638.952053
638.952078
638.955583
638.965349
638.968311
638.968988
638.968993
638.970045
638.975236
638.985026
638.994204
638.998031
638.999664
638.999705
639.002635
639.003284
639.004412
639.006999
639.013101
639.014854
639.015225
639.016821
639.01709
639.019487
639.02565
639.025801
639.031094
639.034378
639.037822
639.0404
639.042814
639.051227
639.062653
639.063666
639.067844
639.075928
639.083661
639.088778
639.103642
639.105969
639.111063
639.111252
639.11394
639.11982
639.12384
639.126749
639.133902
639.155891
639.165851
639.170367
639.171551
639.173284
639.176112
639.184288
639.18623
639.194885
639.197402
639.201648
639.206091
639.207187
639.210145
639.21103
639.227515
639.229079
639.22996
639.240129
639.2454
639.245916
639.250728
639.257825
639.264062
639.266668
639.269806
639.276008
639.278221
639.278478
639.281274
639.284413
639.30187
639.301984
639.306227
639.30709
639.308737
639.313045
639.313249
639.319086
639.325624
639.327773
639.328034
639.328584
639.329491
639.330449
639.339131
639.34167
639.346205
639.349886
639.35522
639.361143
639.363137
639.377543
639.384255
639.386645
639.387882
639.392189
639.392374
639.39552
639.404132
639.407977
639.419458
639.423492
639.428408
639.428825
639.430507
639.433641
639.443898
639.45111
639.456714
639.484053
639.496128
639.498046
639.498181
639.50065
639.509554
639.510461
639.516402
639.516533
639.519915
639.530019
639.532135
639.537504
639.541066
639.546494
639.563391
639.566124
639.566263
639.567384
639.573452
639.580519
639.59189
639.595954
639.598255
639.600913
639.601184
639.606388
639.606797
639.618375
639.621094
639.622323
639.625311
639.632405
639.633427
639.641078
639.642284
639.643982
639.644783
639.649085
639.652996
639.657989
639.658087
639.660236
639.665652
639.670856
639.67598
639.68714
639.687949
639.707399
639.713974
639.718629
639.725863
639.726894
639.73709
639.740797
639.74181
639.743052
639.75536
639.756946
639.766412
639.780109
639.781338
639.783228
639.78341
639.785406
639.787728
639.793606
639.801243
639.8092
639.810142
639.81243
639.81259
639.816332
639.819413
639.826246
639.826507
639.83152
639.831843
639.839916
639.848032
639.854465
639.861204
639.864747
639.867966
639.873542
639.887625
639.902816
639.903626
639.907594
639.925717
639.927765
639.92815
639.931321
639.935716
639.938409
639.940065
639.945642
639.948373
639.951732
639.954853
639.956073
639.962676
639.973639
639.973762
639.973769
639.976836
639.983734
639.986273
639.99372
640.005266
640.008018
640.010618
640.010883
640.015698
640.022337
640.022734
640.023978
640.025432
640.030735
640.050332
640.054417
640.065613
640.067106
640.067782
640.079137
640.080757
640.080897
640.087235
640.094032
640.094199
640.094385
640.094504
640.097403
640.098116
640.099955
640.10145
640.103877
640.107918
640.10952
640.125838
640.133992
640.135317
640.13818
640.147187
640.148761
640.161447
640.174535
640.174746
640.176121
640.187318
640.190555
640.198867
640.200501
640.202191
640.205076
640.216658
640.229907
640.236226
640.240736
640.24433
640.251221
640.253059
640.265393
640.268972
640.27519
640.280819
640.28196
640.283548
640.288316
640.289278
640.291765
640.302925
640.304251
640.306305
640.307568
640.310443
640.313075
640.3279
640.3318
640.336776
640.341025
640.345055
640.355155
640.358262
640.364454
640.365285
640.369039
640.370762
640.374059
640.379632
640.380411
640.381478
640.382304
640.388771
640.396562
640.398992
640.399455
640.400967
640.402483
640.40521
640.410166
640.415262
640.417147
640.42598
640.432033
640.436148
640.438319
640.443617
640.443902
640.455477
640.457854
640.463796
640.467875
640.469969
640.474908
640.476864
640.480023
640.481464
640.485154
640.485233
640.49072
640.492104
640.496736
640.496915
640.499869
640.506462
640.508489
640.518107
640.519949
640.521199
640.527437
640.532071
640.541644
640.546094
640.549227
640.551103
640.558744
640.560851
640.572225
640.57239
640.57254
640.573109
640.577558
640.582049
640.591436
640.597426
640.601099
640.601812
640.602291
640.609773
640.612045
640.616279
640.621048
640.621958
640.627924
640.637426
640.643386
640.644879
640.648635
640.652787
640.664378
640.700162
640.709045
640.710932
640.711925
640.723552
640.734884
640.73585
640.737413
640.740419
640.755017
640.761743
640.771744
640.773564
640.792479
640.801191
640.814481
640.819833
640.820118
640.820223
640.825756
640.829465
640.829514
640.857565
640.860453
640.872269
640.876913
640.879055
640.880006
640.88433
640.89653
640.907163
640.91977
640.922832
640.930347
640.931569
640.935415
640.936444
640.937324
640.939472
640.946685
640.946689
640.947365
640.955374
640.956254
640.977624
640.978205
640.984174
640.990329
640.992949
640.995785
641.0013
641.00273
641.00567
641.014894
641.021677
641.022247
641.026461
641.028873
641.035585
641.038411
641.040934
641.048234
641.050617
641.056339
641.062524
641.06979
641.071019
641.071743
641.072591
641.079491
641.083541
641.087696
641.08928
641.09655
641.101725
641.103088
641.107522
641.108813
641.11185
641.116273
641.118954
641.132188
641.136049
641.147469
641.163826
641.165196
641.173275
641.175885
641.176014
641.178992
641.180029
641.18118
641.183585
641.185882
641.192328
641.19966
641.202043
641.206307
641.207992
641.208969
641.222917
641.223386
641.230943
641.234215
641.234977
641.238105
641.23862
641.254563
641.264616
641.285994
641.297196
641.306048
641.307368
641.31969
641.331172
641.332329
641.334717
641.335554
641.338937
641.35309
641.354673
641.386407
641.3898
641.390119
641.390214
641.390292
641.39181
641.399717
641.400164
641.401723
641.40269
641.404305
641.40966
641.420016
641.424588
641.425881
641.430389
641.441234
641.471611
641.508341
641.508396
641.510966
641.511279
641.514007
641.515339
641.520211
641.524847
641.528071
641.530292
641.532024
641.535055
641.53564
641.542731
641.543969
641.544097
641.560261
641.561028
641.564657
641.576236
641.600852
641.602608
641.606583
641.611104
641.613214
641.621934
641.622123
641.625817
641.630014
641.63859
641.642859
641.645512
641.646636
641.647385
641.650567
641.668704
641.68064
641.685277
641.692914
641.712068
641.714953
641.722616
641.725873
641.739508
641.741357
641.753931
641.759092
641.76414
641.767314
641.767797
641.777207
641.7801
641.782964
641.784476
641.784944
641.800804
641.809857
641.816663
641.827673
641.833093
641.836391
641.839516
641.841964
641.85474
641.859414
641.868738
641.87553
641.885734
641.891517
641.896945
641.907808
641.920306
641.924903
641.924944
641.928039
641.949211
641.950201
641.967
641.970493
641.982687
641.99035
641.992947
641.993992
642.005001
642.006
642.007718
642.008799
642.009202
642.024305
642.032706
642.033399
642.040082
642.049348
642.05412
642.065965
642.06804
642.068478
642.073009
642.081829
642.095198
642.098559
642.106246
642.107743
642.109371
642.109391
642.123083
642.123328
642.124757
642.12827
642.13778
642.165312
642.169433
642.182438
642.189463
642.195261
642.20381
642.217417
642.245407
642.260488
642.26537
642.266919
642.279286
642.28618
642.287996
642.295727
642.296587
642.318107
642.320977
642.326787
642.329019
642.331381
642.339155
642.359518
642.361386
642.364611
642.372967
642.374547
642.375048
642.396961
642.404177
642.408559
642.419795
642.42278
642.427602
642.437108
642.442417
642.447677
642.454305
642.47594
642.491996
642.499213
642.506326
642.511379
642.52161
642.525375
642.525721
642.5366
642.538586
642.541032
642.542949
642.544944
642.545224
642.565222
642.56729
642.569293
642.574969
642.578243
642.585036
642.585689
642.589312
642.59415
642.604935
642.607766
642.612522
642.614555
642.625382
642.628372
642.630609
642.631728
642.633979
642.650387
642.664811
642.671202
642.677683
642.682594
642.685949
642.687121
642.689022
642.691471
642.696767
642.730768
642.732966
642.74037
642.740627
642.74291
642.745849
642.753222
642.767852
642.76908
642.78384
642.78873
642.79226
642.794692
642.819431
642.824719
642.833189
642.833614
642.836021
642.837957
642.841591
642.845326
642.847665
642.85193
642.856517
642.857755
642.8578
642.862853
642.867119
642.874433
642.904899
642.906593
642.919354
642.939841
642.94105
642.943225
642.946831
642.949662
642.960901
642.975536
642.978907
642.982923
642.985443
642.987057
642.996729
643.007865
643.009583
643.042181
643.042748
643.043093
643.061019
643.066086
643.072644
643.073346
643.08317
643.088388
643.098501
643.098893
643.103976
643.10831
643.112818
643.113067
643.118504
643.126398
643.132872
643.138555
643.181156
643.195324
643.195587
643.201383
643.203808
643.208876
643.226427
643.236772
643.240211
643.241089
643.242402
643.258388
643.261235
643.271705
643.285652
643.286272
643.288856
643.291039
643.299101
643.310998
643.314985
643.332313
643.349218
643.361778
643.372983
643.391889
643.400359
643.400419
643.403289
643.409308
643.419551
643.429081
643.44493
643.451086
643.453431
643.459319
643.461409
643.472332
643.489124
643.511219
643.514121
643.518752
643.523765
643.539858
643.54205
643.542643
643.546705
643.547458
643.549175
643.551353
643.558162
643.56597
643.567355
643.568016
643.568336
643.569985
643.572417
643.575814
643.577268
643.581981
643.58391
643.585376
643.591326
643.604613
643.60667
643.607061
643.60902
643.618605
643.620393
643.623911
643.626502
643.635906
643.640947
643.651487
643.652053
643.658697
643.65884
643.660181
643.662913
643.671383
643.671511
643.684679
643.699631
643.706493
643.707273
643.707524
643.709458
643.711265
643.725512
643.725604
643.733523
643.763546
643.776269
643.779288
643.780566
643.802212
643.822121
643.826289
643.834254
643.83748
643.842576
643.852385
643.86499
643.879321
643.890024
643.902555
643.908316
643.913018
643.913195
643.916795
643.917496
643.918738
643.920544
643.934729
643.936016
643.937365
643.942845
643.953336
643.964562
643.980745
643.991156
643.996516
644.016563
644.01728
644.018085
644.018187
644.047758
644.054157
644.057508
644.057753
644.064923
644.066303
644.078202
644.084537
644.09012
644.110152
644.119834
644.126445
644.133353
644.156205
644.165888
644.170411
644.186859
644.205954
644.207038
644.221172
644.221433
644.227732
644.259085
644.264839
644.315828
644.323557
644.335573
644.344299
644.350747
644.379229
644.408773
644.423964
644.428592
644.435276
644.461022
644.477996
644.491402
644.496886
644.502548
644.507341
644.510187
644.512989
644.53493
644.538914
644.540129
644.541201
644.557221
644.557417
644.566824
644.575115
644.577723
644.584269
644.601939
644.610036
644.630295
644.63211
644.642983
644.654162
644.661811
644.670275
644.681549
644.684655
644.709499
644.729856
644.734902
644.75942
644.759585
644.766361
644.779568
644.835662
644.838669
644.839568
644.842547
644.844134
644.858841
644.871823
644.874251
644.876882
644.899094
644.904951
644.9088
644.911411
644.912938
644.919837
644.929196
644.957805
644.959994
645.003917
645.026077
645.031373
645.046185
645.047802
645.057667
645.090455
645.092766
645.105466
645.182748
645.190278
645.194565
645.196067
645.216321
645.233808
645.237059
645.256508
645.271239
645.291382
645.306481
645.336686
645.33822
645.361736
645.372978
645.405244
645.419192
645.430812
645.453094
645.45966
645.492241
645.499167
645.519705
645.539432
645.539674
645.550199
645.595664
645.623123
645.638039
645.638109
645.648681
645.651616
645.667864
645.673716
645.67589
645.702257
645.709653
645.723521
645.723714
645.724324
645.724841
645.764135
645.769297
645.77242
645.789809
645.793053
645.794416
645.823681
645.828049
645.82859
645.833909
645.846905
645.851568
645.855981
645.859788
645.873049
645.894162
645.924616
645.925654
645.93315
645.938347
645.949625
645.969909
645.973494
645.986885
645.990691
645.991864
645.997188
646.005295
646.041447
646.042589
646.042882
646.045477
646.050889
646.063891
646.066332
646.079904
646.108018
646.131795
646.166866
646.170264
646.180804
646.182198
646.183122
646.220037
646.222042
646.231219
646.242034
646.244663
646.244733
646.262887
646.270906
646.279931
646.283012
646.311197
646.316151
646.345972
646.346216
646.349125
646.349678
646.386451
646.387862
646.396267
646.410038
646.449099
646.466203
646.466869
646.474075
646.476483
646.481015
646.497253
646.521248
646.528065
646.529456
646.534777
646.5503
646.550331
646.559232
646.579495
646.597999
646.612852
646.621481
646.622295
646.630664
646.638526
646.655537
646.664302
646.692817
646.693778
646.710411
646.713924
646.726776
646.735076
646.747232
646.7552
646.780485
646.788496
646.789559
646.791891
646.793264
646.794385
646.810222
646.837547
646.861183
646.867815
646.880344
646.902944
646.90375
646.957386
646.957509
646.959334
646.975723
646.977877
647.010828
647.012812
647.017046
647.020197
647.024991
647.044096
647.046086
647.065063
647.068697
647.08446
647.088085
647.095928
647.125631
647.13249
647.145814
647.146282
647.16027
647.168398
647.183651
647.195752
647.19576
647.205665
647.222218
647.225595
647.230392
647.234603
647.242614
647.280831
647.305705
647.316463
647.380249
647.405351
647.41026
647.428421
647.435758
647.452778
647.455275
647.464713
647.518351
647.545775
647.586387
647.60793
647.616106
647.633587
647.657
647.65814
647.677931
647.689789
647.724941
647.732428
647.787124
647.793586
647.81849
647.842669
647.877846
647.908858
647.933781
647.940231
647.970253
648.012929
648.01628
648.041515
648.042191
648.061676
648.095095
648.103242
648.119961
648.128383
648.149607
648.16785
648.181315
648.196234
648.211488
648.226622
648.242173
648.247285
648.287397
648.301594
648.310728
648.33202
648.343048
648.349719
648.359348
648.388838
648.413861
648.463751
648.464334
648.475186
648.480963
648.493478
648.496901
648.49832
648.503895
648.530478
648.541728
648.55212
648.555413
648.568937
648.570245
648.608067
648.649048
648.665643
648.66748
648.67638
648.688369
648.690694
648.692591
648.697355
648.76797
648.7841
648.810788
648.826839
648.8556
648.864493
648.896964
648.898054
648.900718
648.902997
648.904933
648.918338
648.93258
648.935423
648.94516
648.948991
648.952486
648.975162
648.977684
648.982826
648.98663
648.995458
649.002201
649.047621
649.054162
649.061322
649.066482
649.070801
649.08387
649.09466
649.122693
649.135058
649.160962
649.170993
649.173119
649.191653
649.195747
649.218181
649.22709
649.227145
649.244122
649.246188
649.25118
649.253396
649.257443
649.258119
649.258521
649.260421
649.300699
649.301389
649.307051
649.312404
649.322342
649.337912
649.345166
649.348633
649.349531
649.352094
649.355319
649.35686
649.362261
649.365989
649.375417
649.415194
649.415664
649.416724
649.417342
649.429173
649.4367
649.439732
649.454665
649.458435
649.458834
649.460136
649.462277
649.471914
649.476473
649.481986
649.509311
649.512841
649.525402
649.563734
649.567346
649.57187
649.598891
649.602184
649.615798
649.645377
649.654672
649.662564
649.665286
649.668051
649.672519
649.690217
649.699388
649.729485
649.744953
649.751511
649.76261
649.765541
649.770026
649.771592
649.772379
649.783441
649.80124
649.806283
649.813859
649.819849
649.823337
649.839898
649.852574
649.871494
649.893272
649.900179
649.909413
649.910345
649.91626
649.966909
649.978329
649.9856
649.997382
650.020713
650.039107
650.041379
650.065618
650.074652
650.086788
650.088346
650.096237
650.103472
650.10709
650.11332
650.12817
650.14069
650.157415
650.171094
650.177511
650.231281
650.252534
650.259556
650.276494
650.294025
650.306472
650.31766
650.343507
650.346019
650.348832
650.356666
650.358223
650.382671
650.407615
650.415178
650.415831
650.416525
650.428938
650.431313
650.449688
650.469278
650.471709
650.508768
650.513412
650.520312
650.520944
650.521001
650.545147
650.56928
650.608732
650.629735
650.641938
650.644112
650.651958
650.65937
650.668709
650.671427
650.691105
650.691745
650.692074
650.698814
650.718215
650.721828
650.740286
650.745
650.74931
650.753116
650.754647
650.77019
650.777724
650.795101
650.83161
650.843768
650.877941
650.87904
650.881003
650.886763
650.888835
650.893897
650.896845
650.902205
650.907212
650.918901
650.929764
650.937464
650.941586
650.947918
650.956549
650.996576
650.999899
651.012631
651.01641
651.040251
651.074416
651.097619
651.099795
651.111939
651.153688
651.166834
651.193837
651.194899
651.204374
651.222841
651.228703
651.243092
651.245291
651.280001
651.288209
651.319358
651.331959
651.339528
651.34908
651.367897
651.369501
651.395057
651.429519
651.439413
651.446543
651.451706
651.452986
651.457875
651.47398
651.481959
651.499168
651.50643
651.522734
651.534014
651.539268
651.564615
651.567575
651.572532
651.576812
651.587265
651.590166
651.593466
651.618227
651.672125
651.698097
651.723189
651.747331
651.803326
651.807182
651.818852
651.838798
651.846208
651.851958
651.869036
651.889705
651.89829
651.915115
651.953142
651.965576
651.97878
651.99947
652.024515
652.032539
652.033084
652.05168
652.058732
652.062796
652.064906
652.096106
652.103028
652.129417
652.131077
652.136848
652.140744
652.166571
652.194205
652.200829
652.202921
652.219246
652.219778
652.220883
652.223498
652.237973
652.239107
652.240599
652.25201
652.253679
652.281427
652.305647
652.324917
652.341945
652.348902
652.389759
652.403349
652.418344
652.429291
652.470229
652.480937
652.503005
652.510718
652.600852
652.621509
652.631132
652.65243
652.657265
652.728313
652.753375
652.761663
652.773715
652.774289
652.79751
652.803673
652.809796
652.821268
652.827529
652.840977
652.851985
652.864847
652.876807
652.878128
652.880126
652.904607
652.908877
652.921209
652.92469
652.933399
652.943387
652.953215
652.98546
652.98842
652.996798
653.009901
653.026476
653.036591
653.050618
653.053181
653.05601
653.057519
653.060553
653.091303
653.103679
653.110515
653.111218
653.113624
653.117263
653.132198
653.179598
653.181036
653.192315
653.245207
653.250142
653.304997
653.313729
653.328586
653.334565
653.355215
653.355574
653.358848
653.378733
653.409309
653.450631
653.501511
653.507887
653.508334
653.510816
653.512121
653.523028
653.533699
653.550967
653.556099
653.559925
653.600423
653.621495
653.635005
653.653961
653.661908
653.664991
653.676508
653.684256
653.722181
653.731141
653.736221
653.76188
653.771811
653.778103
653.799376
653.804551
653.816847
653.829576
653.831306
653.845129
653.852224
653.853513
653.873501
653.874291
653.898161
653.899711
653.901747
653.904272
653.916045
653.942201
653.992188
654.000963
654.006228
654.012292
654.012772
654.023567
654.05104
654.085075
654.086033
654.11095
654.114351
654.123705
654.145082
654.163519
654.192227
654.227533
654.266633
654.300374
654.307293
654.326684
654.349853
654.350695
654.363964
654.382396
654.399359
654.410021
654.417852
654.431831
654.436452
654.439382
654.454631
654.499369
654.51737
654.519674
654.53558
654.545778
654.554323
654.560728
654.566895
654.597164
654.608135
654.614367
654.647804
654.701702
654.712889
654.722555
654.72886
654.771662
654.776841
654.786244
654.796361
654.808145
654.843237
654.859519
654.91094
654.939573
654.961029
654.971186
654.97148
654.995305
655.014128
655.01971
655.059587
655.097565
655.115834
655.122753
655.122909
655.170155
655.20363
655.211451
655.212215
655.223396
655.233551
655.263642
655.292558
655.322977
655.337393
655.376722
655.399539
655.428253
655.464236
655.484172
655.50432
655.545011
655.551357
655.557559
655.57439
655.616992
655.637594
655.644292
655.665306
655.673323
655.701969
655.737236
655.74528
655.774505
655.816571
655.824177
655.828339
655.859504
655.896446
655.915983
655.963646
655.965983
655.993723
656.02317
656.027257
656.054358
656.07933
656.087559
656.117464
656.134693
656.199691
656.20341
656.208337
656.220894
656.259001
656.270693
656.27718
656.298949
656.314192
656.348601
656.385109
656.421941
656.423985
656.466114
656.487926
656.506261
656.518049
656.536275
656.547918
656.554312
656.574258
656.673796
656.703006
656.719939
656.7206
656.73354
656.745456
656.832806
656.848867
656.860595
656.867846
656.868623
656.915922
656.944667
656.993126
657.047677
657.081678
657.1065
657.124397
657.178449
657.182245
657.24764
657.25726
657.28484
657.301358
657.325193
657.329037
657.348035
657.398697
657.403557
657.426808
657.435795
657.448428
657.455949
657.487301
657.494295
657.499809
657.520783
657.523693
657.555645
657.579907
657.635559
657.677404
657.698548
657.737778
657.755681
657.792165
657.839381
657.8394
657.86082
657.898216
657.904623
657.916845
657.965974
658.005253
658.043896
658.102679
658.13976
658.183104
658.185726
658.229848
658.245496
658.271361
658.274251
658.280388
658.321102
658.332749
658.385567
658.413379
658.454946
658.463117
658.474533
658.495741
658.501449
658.528301
658.560181
658.598482
658.616719
658.641068
658.670459
658.676208
658.684797
658.721933
658.725247
658.742112
658.781074
658.843424
658.86393
658.865046
658.873609
658.874734
658.930943
658.967578
658.994003
658.997804
659.002387
659.028724
659.052658
659.05468
659.072631
659.143244
659.248034
659.283536
659.301114
659.303816
659.350638
659.381699
659.424611
659.42605
659.429248
659.445511
659.4716
659.516054
659.531571
659.531629
659.54861
659.551104
659.558718
659.629258
659.642719
659.653114
659.724301
659.771088
659.793944
659.831944
659.83471
659.83781
659.855141
659.934585
659.938452
660.052123
660.086856
660.108795
660.143187
660.147472
660.200941
660.203493
660.247336
660.253108
660.368416
660.402154
660.440632
660.451349
660.483302
660.504727
660.53541
660.581461
660.734475
660.847429
661.130213
661.188592
661.270151
661.335947
661.343248
661.43316
661.473687
661.668829
661.749813
661.785067
661.819743
662.005938
662.100915
662.201467
662.316845
662.558594
662.64866
662.675179
663.042419
663.082108
663.093199
663.686362
663.704483
663.780328
663.792867
663.812157
663.906614
664.331796
664.501779
664.559022
664.977792
665.700459
666.59582
666.725476
667.946715
668.780086
671.336872
672.927053
673.588763
674.608274
677.03795
681.75931
682.061238
684.900711
685.290674
689.29465
692.60355
693.560411
695.03031
695.241647
699.234808
700.693337
702.830597
703.414949
704.483683
715.603639
720.082346
721.675487
728.3729
734.399566
740.223255
741.584002
751.502643
754.600986
756.116557
758.952976
761.857605
770.46758
778.181363
780.326367
789.166031
794.300573
796.524075
801.163843
813.162737
815.146416
835.255322
889.717636
890.450607
898.971621
902.076656
937.240527
946.567378
955.277453
956.394614
983.628915
994.469026
1000.980011
1005.845594
1014.160432
1015.242466
1094.157434
1222.803383
1256.509593
1581.063436
1605.576672
1780.859746
1822.753187
1841.545604
2734.24867
