73.276178
73.294137
73.397232
73.565907
73.569911
73.588344
73.611899
73.627523
73.644798
73.650942
73.665503
73.68353
73.694236
73.70176
73.704713
73.710112
73.717323
73.763545
73.769068
73.771708
73.785716
73.78798
73.788464
73.79254
73.803864
73.804557
73.804924
73.811813
73.814237
73.826196
73.826793
73.830044
73.845796
73.847803
73.852679
73.857716
73.858447
73.876574
73.879208
73.882904
73.885001
73.892699
73.91334
73.940726
73.943569
73.950348
73.95645
73.958961
73.963693
73.96381
73.974279
73.985795
73.988112
73.990618
73.991676
74.008218
74.011893
74.02009
74.026394
74.028924
74.037613
74.06041
74.074176
74.076139
74.085323
74.103462
74.106097
74.113123
74.122445
74.128247
74.135874
74.139418
74.148216
74.149371
74.162379
74.169843
74.180948
74.185791
74.200879
74.20311
74.204968
74.205057
74.212057
74.224775
74.231611
74.234443
74.241403
74.246816
74.25516
74.257387
74.265778
74.274413
74.311506
74.313201
74.315029
74.321555
74.323693
74.325991
74.331014
74.334112
74.335297
74.339764
74.342442
74.342488
74.346407
74.35041
74.355251
74.376355
74.386987
74.390607
74.39083
74.403889
74.404744
74.408428
74.413413
74.414519
74.417569
74.423407
74.428142
74.435423
74.440732
74.443009
74.483491
74.483707
74.485286
74.487609
74.498729
74.500586
74.507332
74.524419
74.532743
74.538402
74.540428
74.544657
74.546658
74.561214
74.562124
74.574559
74.576255
74.579864
74.586585
74.593472
74.599177
74.600037
74.600479
74.600601
74.613177
74.614111
74.617482
74.629379
74.629909
74.632128
74.640902
74.642329
74.652537
74.653362
74.654301
74.667375
74.667968
74.673485
74.675627
74.675972
74.678791
74.681175
74.686134
74.693935
74.69564
74.699131
74.702734
74.712357
74.713391
74.718425
74.720783
74.732927
74.735547
74.738777
74.740389
74.743504
74.754793
74.756508
74.759528
74.761377
74.762285
74.763033
74.768436
74.769066
74.771401
74.774568
74.791886
74.793819
74.805258
74.807261
74.810698
74.822366
74.82456
74.835863
74.836634
74.841447
74.844133
74.847879
74.857891
74.862881
74.870925
74.871896
74.874671
74.876938
74.877891
74.882111
74.890857
74.90623
74.907819
74.92096
74.937516
74.944214
74.947429
74.955394
74.955786
74.959648
74.961715
74.962371
74.9665
74.995473
74.998373
75.000236
75.013927
75.015605
75.018828
75.024214
75.029188
75.055168
75.055172
75.058394
75.060388
75.06687
75.067198
75.071108
75.086448
75.087716
75.091264
75.091461
75.09663
75.097398
75.10844
75.118821
75.120723
75.130313
75.138558
75.139604
75.148906
75.153731
75.154309
75.159195
75.163854
75.164724
75.177437
75.180351
75.186896
75.190961
75.191335
75.20485
75.206726
75.209383
75.214741
75.218711
75.237954
75.248441
75.251167
75.264
75.273232
75.286636
75.296358
75.310784
75.320615
75.322198
75.330527
75.338469
75.342488
75.35242
75.35857
75.374827
75.396025
75.406046
75.421814
75.431224
75.442657
75.447335
75.452487
75.501807
75.511651
75.522543
75.535079
75.551376
75.556444
75.567619
75.577121
75.583793
75.58451
75.586468
75.592682
75.600325
75.616368
75.61711
75.6177
75.623817
75.643416
75.653963
75.660514
75.666176
75.67281
75.677571
75.682537
75.7192
75.722345
75.76696
75.771018
75.830504
75.842063
75.88941
75.891524
75.891767
75.907124
75.90772
75.916846
75.929148
75.934155
75.936339
75.942434
75.946145
75.948988
75.952521
75.963444
75.974083
75.979538
75.986129
75.998826
76.008404
76.033111
76.034976
76.075495
76.098977
76.10007
76.103994
76.145117
76.152181
76.166899
76.172858
76.180009
76.217839
76.223945
76.232842
76.256884
76.317183
76.317887
76.338074
76.341401
76.349912
76.35981
76.36321
76.377418
76.393461
76.398261
76.435513
76.469017
76.475698
76.481568
76.499806
76.504186
76.504466
76.520838
76.54456
76.549468
76.566629
76.572487
76.584527
76.595008
76.595658
76.634782
76.64677
76.66266
76.672788
76.702626
76.731717
76.74631
76.751745
76.755454
76.759054
76.761735
76.791793
76.808244
76.813807
76.818173
76.850353
76.85829
76.86096
76.866657
76.880434
76.89602
76.915795
76.926426
76.955099
76.962187
76.978234
76.982392
77.035402
77.036105
77.042388
77.04255
77.050251
77.055915
77.059808
77.064838
77.067664
77.127532
77.133609
77.136402
77.155816
77.176673
77.192328
77.252212
77.285102
77.318929
77.382907
77.391865
77.392997
77.400329
77.425521
77.453759
77.468928
77.515652
77.611914
77.722354
77.765217
77.852112
78.285766
78.322784
78.374641
78.436975
78.853822
79.582534
79.746121
79.756902
79.937573
80.275826
81.368716
81.494294
81.556884
81.595758
81.600481
81.629609
81.698266
81.753371
81.797447
81.809093
81.826486
81.827077
81.832759
81.83594
81.849859
81.859212
81.879483
81.883175
81.90902
81.918359
81.919843
81.926783
81.936589
81.946652
81.962261
81.968752
81.990604
82.003614
82.011957
82.014619
82.019175
82.054832
82.062152
82.062339
82.063579
82.066304
82.090996
82.09574
82.111035
82.112672
82.117924
82.123231
82.139213
82.151937
82.174406
82.176221
82.196485
82.208451
82.212163
82.213981
82.214565
82.21636
82.216872
82.21713
82.245593
82.25857
82.26846
82.27956
82.2802
82.283021
82.284493
82.287808
82.295415
82.298385
82.305281
82.305508
82.335997
82.336334
82.340119
82.371784
82.377439
82.388135
82.395398
82.408994
82.418766
82.422551
82.432273
82.434586
82.451554
82.458426
82.465904
82.467084
82.469292
82.475968
82.476039
82.478153
82.481626
82.489022
82.513815
82.528944
82.538265
82.550333
82.576832
82.583831
82.58393
82.588658
82.596313
82.596594
82.60212
82.614675
82.616025
82.617559
82.63254
82.642393
82.663845
82.671222
82.671297
82.675023
82.693448
82.705069
82.709066
82.714288
82.726365
82.735074
82.735862
82.765911
82.773585
82.787745
82.799769
82.821202
82.836885
82.836925
82.854068
82.868911
82.875262
82.87809
82.89036
82.892656
82.901952
82.906698
82.911706
82.944416
82.944538
83.022626
83.035798
83.053724
83.086522
83.088185
83.100925
83.105086
83.113212
83.156887
83.204064
83.216383
83.230853
83.265691
83.281201
83.285743
83.292244
83.320755
83.346992
83.350195
83.353328
83.353742
83.375975
83.386669
83.411236
83.420475
83.425258
83.433662
83.453393
83.461548
83.473516
83.500837
83.523456
83.535238
83.561341
83.567247
83.569883
83.570856
83.573181
83.594922
83.595716
83.606492
83.646967
83.70453
83.707743
83.752088
83.777453
83.783839
83.786416
83.799627
83.800922
83.840298
83.856001
83.892519
83.907915
83.960995
83.987766
84.000872
84.012177
84.031221
84.068935
84.075623
84.083345
84.104743
84.1801
84.181915
84.190515
84.202451
84.245374
84.273421
84.276114
84.276912
84.287683
84.295063
84.297044
84.316428
84.34539
84.356855
84.368015
84.437161
84.453818
84.454646
84.463089
84.472555
84.473253
84.491065
84.550508
84.566703
84.58112
84.585821
84.588569
84.596242
84.598321
84.633545
84.634568
84.660689
84.670779
84.681408
84.686678
84.711647
84.719332
84.724706
84.7298
84.743042
84.792868
84.817869
84.830561
84.844133
84.850553
84.86072
84.878728
84.880104
84.909074
84.92014
84.96832
84.999696
85.032962
85.092934
85.151963
85.156083
85.181072
85.20449
85.211584
85.228463
85.231741
85.393406
85.402825
85.43071
85.449448
85.449978
85.466108
85.500652
85.509162
85.641742
85.669563
85.67435
85.753597
85.768533
85.873793
85.882644
85.913043
85.915349
85.962895
85.995803
86.012767
86.017986
86.030732
86.089599
86.129447
86.146554
86.17885
86.197381
86.253882
86.316913
86.363238
86.439362
86.505026
86.541776
86.552504
86.5723
86.599535
86.651503
86.734791
86.768013
86.784573
86.842532
86.846514
86.93416
86.949166
86.970221
87.130854
87.232574
87.797955
87.91726
87.956072
88.185931
88.397823
88.771253
89.136084
89.394395
89.409774
89.623193
89.666612
89.692714
89.69979
89.717262
89.724897
89.793191
89.868173
89.892409
89.898474
89.903454
89.908934
89.980256
89.983843
90.025155
90.028849
90.036084
90.060626
90.099739
90.161299
90.228293
90.248688
90.27572
90.302601
90.312559
90.459014
90.468767
90.498528
90.596229
90.683338
90.688647
90.745027
90.760005
90.780319
90.835891
90.880565
90.954669
90.975099
91.002003
91.054147
91.06323
91.081127
91.102297
91.112511
91.123499
91.125869
91.137478
91.145254
91.152339
91.184817
91.217897
91.221216
91.223037
91.230649
91.245072
91.27038
91.296665
91.301338
91.345509
91.35507
91.363073
91.369483
91.403078
91.406926
91.407294
91.468353
91.500557
91.50694
91.508583
91.530496
91.585994
91.587071
91.63185
91.641171
91.649232
91.665651
91.678731
91.679021
91.690586
91.698756
91.703781
91.728145
91.729842
91.741725
91.765631
91.785834
91.820268
91.83266
91.915063
91.937991
91.974664
91.981407
92.003912
92.014047
92.049039
92.052774
92.073599
92.12344
92.201622
92.203543
92.231849
92.246112
92.254493
92.254819
92.264289
92.277444
92.371826
92.408574
92.420909
92.567183
92.587087
92.614669
92.662003
92.67187
92.683784
92.684017
92.686269
92.732965
92.743191
92.779284
92.783022
92.806291
92.818125
92.882337
92.918584
92.923933
92.934047
92.948095
92.948909
92.950924
92.980557
92.990858
93.018031
93.021293
93.026189
93.040804
93.082276
93.145444
93.150175
93.164938
93.231445
93.243307
93.255655
93.264808
93.266512
93.331768
93.354264
93.377375
93.38306
93.390134
93.392526
93.449771
93.473289
93.477391
93.480611
93.493049
93.527517
93.547732
93.618635
93.619658
93.624019
93.628399
93.67984
93.681341
93.686139
93.690257
93.727925
93.729003
93.77296
93.794284
93.819522
93.834348
93.908587
93.949325
93.971935
93.986578
94.018748
94.096539
94.111114
94.120323
94.141416
94.144962
94.189027
94.258946
94.303109
94.311669
94.320434
94.396884
94.410663
94.42259
94.423621
94.459718
94.497075
94.539557
94.558906
94.574276
94.575806
94.611437
94.629077
94.634346
94.636956
94.646589
94.660931
94.672562
94.685075
94.704224
94.706342
94.718885
94.734288
94.756961
94.77918
94.7946
94.800452
94.830047
94.842468
94.845174
94.854504
94.92889
94.948605
94.9631
94.980333
95.023523
95.055195
95.135269
95.295416
95.35118
95.360185
95.414848
95.56959
95.574119
95.629162
95.636075
95.689556
95.70117
95.804373
95.858265
95.910016
95.946245
95.984587
96.058216
96.061063
96.244627
96.317806
96.360854
96.447817
96.494286
96.494787
96.508518
96.527139
96.528369
96.624
96.682837
96.701052
96.808857
96.879492
96.893092
96.986151
97.009799
97.039063
97.048222
97.175756
97.288945
97.440083
97.469161
97.692574
97.70852
97.89433
97.993932
98.009656
98.309332
98.329388
98.544359
98.78345
99.221676
99.35624
99.464107
99.795785
101.287516
101.299936
101.995307
102.627613
103.825587
104.760769
104.776279
104.913369
105.869862
106.446907
106.549486
106.861353
106.863924
108.668621
110.162085
110.647336
110.673076
110.896851
112.644143
112.98951
113.996725
114.074164
114.174076
114.587045
115.350145
115.5673
116.490537
116.787423
118.486782
119.03639
120.524934
120.843859
123.407349
126.327706
126.5232
127.513084
132.688777
135.391886
140.309368
148.631281
152.311421
152.875743
158.403379
163.336366
166.567382
169.271174
182.670671
183.639418
192.009241
197.972879
212.073192
