266.231338
268.903141
268.905189
271.034246
271.326969
271.643679
272.555834
273.480322
273.556534
273.672525
273.696461
274.323378
274.32408
274.380262
274.591901
274.788326
274.820341
274.863968
274.909473
274.920341
274.92191
274.926854
275.009743
275.059375
275.109058
275.128594
275.363242
275.469538
275.482815
275.853698
276.019806
276.028002
276.184801
276.356422
276.357609
276.486232
276.578857
276.649577
276.757163
276.78235
276.879173
276.893472
276.972091
277.003615
277.055841
277.146799
277.252815
277.299139
277.307517
277.329674
277.480603
277.524183
277.620373
277.705736
277.74241
277.839897
277.873913
277.960119
278.00255
278.007181
278.095646
278.143341
278.159439
278.166858
278.246062
278.426807
278.501359
278.553656
278.642632
278.695304
278.709051
278.827683
279.037324
279.043024
279.168229
279.238004
279.36286
279.613313
279.786807
279.851746
279.856253
280.030752
280.078441
280.102885
280.201461
280.222432
280.446623
280.462123
280.468602
280.502338
280.507676
280.510915
280.592984
280.609237
280.757816
280.798622
280.800836
280.833965
280.867975
280.8951
280.924268
280.945474
280.960005
280.968676
281.010542
281.053699
281.084783
281.165184
281.406125
281.408157
281.50563
281.532169
281.558759
281.591466
281.701564
281.720252
281.992469
282.163755
282.199001
282.225401
282.248053
282.359793
282.426617
282.441906
282.594529
282.879631
282.972765
283.186704
283.205105
283.26469
283.265099
283.295074
283.298808
283.388356
283.404878
283.420518
283.440662
283.46865
283.50342
283.56977
283.775204
283.87829
284.08582
284.166356
284.178952
284.680734
284.696402
284.771324
284.791951
284.841814
284.871629
285.104205
285.133564
285.189336
285.200571
285.345287
285.40478
285.405612
285.818528
285.905367
286.025054
286.08973
286.160992
287.287403
287.611816
288.218563
288.825216
289.791102
289.889386
289.986877
290.249295
290.279921
290.305984
290.432667
290.449779
290.469003
290.730036
290.765587
290.792753
290.855031
290.85985
290.903121
290.933526
290.938007
290.975087
290.999645
291.040967
291.054878
291.062785
291.086439
291.144021
291.207003
291.223431
291.258978
291.263138
291.296229
291.312603
291.316805
291.410087
291.416346
291.420254
291.448456
291.460816
291.537234
291.568228
291.619431
291.665312
291.667343
291.698586
291.718849
291.73865
291.743913
291.768251
291.812752
291.818587
291.821814
291.840985
291.888445
291.918321
291.925192
291.955862
292.001114
292.024134
292.033485
292.074162
292.089887
292.173398
292.259769
292.288007
292.312575
292.340008
292.341866
292.364103
292.368267
292.369661
292.374563
292.393458
292.471634
292.482287
292.508578
292.563362
292.598334
292.638313
292.642132
292.643457
292.694041
292.71118
292.714112
292.715967
292.716241
292.758226
292.763135
292.812518
292.845297
292.932427
292.941038
292.966738
293.004082
293.058645
293.099947
293.103558
293.114074
293.141458
293.152121
293.202652
293.209503
293.218867
293.239109
293.308917
293.327835
293.348609
293.355627
293.409891
293.440709
293.489793
293.502878
293.541759
293.542595
293.549641
293.657997
293.669817
293.687486
293.707517
293.725363
293.738144
293.743033
293.753429
293.769018
293.779044
293.799606
293.804766
293.812421
293.815564
293.86479
293.934459
293.946167
293.976101
294.039585
294.063316
294.067427
294.069371
294.070783
294.111141
294.111146
294.111396
294.178366
294.223321
294.24875
294.254673
294.258353
294.261537
294.281606
294.287178
294.291597
294.318629
294.32769
294.363002
294.39415
294.400722
294.401827
294.435234
294.441405
294.449509
294.453193
294.46992
294.521579
294.529538
294.581698
294.588497
294.600358
294.621574
294.635556
294.654061
294.655818
294.721263
294.727631
294.74493
294.745612
294.775471
294.809766
294.815634
294.820452
294.821753
294.83382
294.853861
294.859112
294.871434
294.879905
294.889407
294.897439
294.932896
294.938615
294.944793
294.96867
294.973651
294.982752
295.005467
295.043353
295.059378
295.078991
295.08854
295.100837
295.113378
295.147399
295.149387
295.151862
295.154557
295.162501
295.180388
295.181667
295.188327
295.196857
295.235531
295.280594
295.281254
295.28941
295.292447
295.292722
295.315765
295.318318
295.324378
295.326132
295.331224
295.33314
295.372831
295.373874
295.380046
295.403138
295.407874
295.456133
295.465028
295.510235
295.525169
295.542053
295.549506
295.552437
295.556694
295.559571
295.580724
295.598013
295.600671
295.601649
295.625671
295.631916
295.657488
295.658157
295.679492
295.685231
295.713193
295.740756
295.749752
295.769888
295.782298
295.799082
295.800293
295.814894
295.821852
295.824993
295.834788
295.839467
295.849388
295.852832
295.914753
295.928611
295.958778
295.96451
296.006288
296.066409
296.078239
296.087716
296.10983
296.115646
296.116497
296.119107
296.119553
296.130695
296.133232
296.133817
296.157048
296.166043
296.168102
296.172502
296.185072
296.18614
296.190329
296.19867
296.219531
296.232132
296.232657
296.237372
296.253172
296.263647
296.30496
296.30936
296.310997
296.342781
296.387252
296.402439
296.403736
296.407813
296.411708
296.461114
296.469488
296.476862
296.477803
296.488138
296.535039
296.540795
296.544819
296.559212
296.572404
296.580427
296.582779
296.588582
296.604253
296.64939
296.657422
296.674355
296.675674
296.677288
296.678698
296.684638
296.686435
296.699615
296.71427
296.722677
296.746265
296.759823
296.768211
296.788375
296.824807
296.8345
296.843359
296.902358
296.933848
296.947415
296.965573
296.979804
296.981383
296.985801
297.007034
297.026346
297.047426
297.086907
297.097724
297.114194
297.124965
297.12803
297.149133
297.154635
297.162593
297.193981
297.194065
297.196621
297.201181
297.204319
297.208336
297.221081
297.235187
297.280319
297.31135
297.352082
297.353736
297.378194
297.389205
297.402523
297.404964
297.406876
297.408337
297.410519
297.423014
297.42588
297.447067
297.457114
297.491848
297.494487
297.541809
297.54498
297.565167
297.592493
297.598545
297.616157
297.662059
297.668868
297.693643
297.712768
297.758188
297.788284
297.789361
297.804809
297.827158
297.849014
297.849067
297.85769
297.874972
297.88657
297.891656
297.894023
297.914475
297.914949
297.92345
297.924954
297.959358
297.962671
297.987502
298.018453
298.032487
298.036167
298.036188
298.036795
298.050596
298.052921
298.074269
298.101084
298.113671
298.1427
298.161764
298.178041
298.183964
298.18683
298.271609
298.278738
298.304759
298.332886
298.33616
298.368985
298.405741
298.432959
298.435062
298.456302
298.54144
298.551385
298.552844
298.55595
298.601979
298.608829
298.63544
298.64498
298.646615
298.674845
298.699725
298.718956
298.738824
298.749729
298.763397
298.789974
298.825066
298.889577
298.925989
298.946591
298.969313
298.978163
298.986926
299.036917
299.04614
299.086896
299.094576
299.113349
299.147348
299.157983
299.215855
299.270486
299.275812
299.298447
299.303148
299.305093
299.317624
299.362669
299.374555
299.383426
299.38405
299.401654
299.455034
299.475953
299.487808
299.491454
299.527407
299.528585
299.545524
299.549474
299.59657
299.602832
299.659287
299.680131
299.683433
299.694084
299.703385
299.746815
299.748107
299.754247
299.776578
299.778335
299.778452
299.778844
299.791863
299.802136
299.86909
299.883724
299.886759
299.900478
299.95492
299.968436
299.988479
299.997464
300.006942
300.016038
300.020051
300.034986
300.036829
300.038965
300.061307
300.062531
300.064174
300.071953
300.097198
300.117864
300.128732
300.167812
300.186114
300.195857
300.201397
300.211822
300.213861
300.225769
300.226255
300.23068
300.239784
300.241905
300.307085
300.31371
300.318712
300.323781
300.324488
300.330152
300.331453
300.395166
300.395953
300.407883
300.42166
300.449873
300.458435
300.503055
300.510986
300.520274
300.541443
300.554202
300.556144
300.568333
300.568618
300.596459
300.622836
300.649606
300.67713
300.690209
300.699359
300.739884
300.753376
300.75499
300.784612
300.803067
300.814916
300.851522
300.878174
300.927675
300.929932
300.944788
300.949088
300.957038
300.975517
300.983081
300.985083
300.99303
301.003433
301.017851
301.031995
301.116395
301.162853
301.216641
301.222819
301.263239
301.275079
301.276626
301.282611
301.324329
301.325324
301.333168
301.341081
301.355307
301.387855
301.399996
301.447988
301.466942
301.470585
301.49172
301.49337
301.500621
301.537308
301.545216
301.551602
301.559895
301.588363
301.595255
301.603484
301.608372
301.609116
301.630697
301.636763
301.655376
301.672064
301.688814
301.714201
301.715064
301.718061
301.754395
301.764461
301.766046
301.767681
301.785486
301.791646
301.800579
301.84438
301.851386
301.852385
301.853746
301.855091
301.862085
301.864888
301.870628
301.874946
301.880103
301.885191
301.893803
301.89614
301.8996
301.906345
301.912835
301.950183
301.969067
301.996818
302.007282
302.02624
302.035037
302.058494
302.077034
302.095773
302.103171
302.120528
302.1231
302.136864
302.137761
302.141399
302.14435
302.149244
302.162025
302.173387
302.1744
302.177426
302.194743
302.198806
302.214069
302.22596
302.230925
302.238621
302.244364
302.257264
302.268659
302.273191
302.279933
302.291875
302.308051
302.314193
302.335841
302.365708
302.374882
302.39792
302.399617
302.435402
302.438996
302.441814
302.447537
302.464634
302.478715
302.486708
302.487486
302.494481
302.497359
302.508615
302.535396
302.537126
302.553936
302.557854
302.560807
302.596623
302.611653
302.612353
302.629066
302.64896
302.677528
302.70981
302.713508
302.738633
302.741625
302.769629
302.779785
302.798116
302.801302
302.851846
302.862595
302.879457
302.900955
302.909898
302.920124
302.924276
302.925881
302.92925
302.953675
302.961823
302.967924
302.968377
302.985216
303.027451
303.027875
303.049778
303.080017
303.096425
303.109743
303.123051
303.125093
303.12932
303.149817
303.149861
303.158036
303.189385
303.204985
303.224913
303.229513
303.254045
303.257158
303.258724
303.27231
303.2888
303.299065
303.319462
303.344404
303.363075
303.371994
303.373356
303.38022
303.383676
303.389339
303.393129
303.398644
303.403635
303.40746
303.450625
303.451734
303.458919
303.462944
303.508145
303.524249
303.527084
303.546435
303.583203
303.583728
303.591647
303.598029
303.600926
303.603974
303.608769
303.612131
303.614644
303.619953
303.635019
303.642616
303.700903
303.705725
303.706244
303.709335
303.709998
303.719865
303.724378
303.739142
303.759242
303.759744
303.759876
303.763685
303.799283
303.803243
303.807412
303.809553
303.823587
303.847267
303.847793
303.865343
303.8657
303.873651
303.875021
303.885425
303.898003
303.931362
303.960728
303.964634
303.974521
303.98281
303.995989
304.026566
304.028094
304.035022
304.037212
304.037942
304.040967
304.047351
304.054666
304.06137
304.080729
304.081254
304.087271
304.095857
304.102834
304.102841
304.105433
304.118509
304.12526
304.125417
304.131517
304.146126
304.147155
304.158705
304.171742
304.197655
304.217687
304.220326
304.228754
304.229865
304.238443
304.246839
304.261302
304.261666
304.263062
304.282408
304.301854
304.319151
304.32905
304.329137
304.338372
304.341707
304.365078
304.366992
304.385437
304.394515
304.407588
304.408037
304.417841
304.422247
304.433532
304.437776
304.441966
304.458282
304.463688
304.478086
304.482498
304.490458
304.491682
304.498378
304.508803
304.540205
304.550475
304.57344
304.583275
304.58582
304.597336
304.606895
304.610529
304.614176
304.627875
304.64617
304.655423
304.658783
304.665477
304.66707
304.672677
304.683952
304.690697
304.691394
304.709652
304.739366
304.739725
304.741884
304.745512
304.746838
304.760564
304.770936
304.784639
304.806506
304.806694
304.816491
304.837413
304.84763
304.848585
304.858564
304.868536
304.87583
304.876235
304.892897
304.902989
304.931297
304.934622
304.956682
304.958332
304.963009
304.969595
304.975078
304.975998
304.979678
304.983675
304.985407
304.986894
304.994598
305.003723
305.01187
305.032578
305.057088
305.075035
305.079108
305.081258
305.095536
305.103683
305.110134
305.121218
305.127574
305.137237
305.142205
305.153612
305.162074
305.163786
305.168249
305.176791
305.179432
305.180646
305.195249
305.210494
305.216426
305.229373
305.238464
305.243455
305.280422
305.288582
305.296967
305.298657
305.299628
305.30551
305.311807
305.312829
305.325379
305.332787
305.3359
305.336361
305.340721
305.354697
305.355153
305.369456
305.375174
305.378638
305.380743
305.388757
305.390793
305.39423
305.400306
305.414182
305.427353
305.434815
305.449301
305.45407
305.457512
305.458635
305.460814
305.472217
305.477936
305.498705
305.509961
305.511788
305.517118
305.525605
305.549636
305.555521
305.555751
305.556664
305.55988
305.566286
305.605559
305.606332
305.607621
305.610569
305.611362
305.614323
305.624893
305.626169
305.635989
305.638384
305.641256
305.659709
305.690605
305.709329
305.712146
305.713509
305.717847
305.723784
305.733792
305.743817
305.745405
305.759761
305.773741
305.773783
305.774787
305.779401
305.792923
305.806633
305.814722
305.82013
305.821545
305.828636
305.837907
305.843601
305.856367
305.859611
305.86126
305.867032
305.869062
305.873605
305.876999
305.878524
305.880406
305.889078
305.891796
305.894702
305.896664
305.89694
305.898722
305.900618
305.904574
305.925284
305.926269
305.929771
305.939595
305.946515
305.950815
305.957311
305.967639
305.973472
305.979827
305.992023
306.00732
306.011507
306.015098
306.015493
306.023606
306.028195
306.034883
306.037212
306.039392
306.07906
306.082286
306.083264
306.083789
306.08412
306.086445
306.092742
306.099438
306.103534
306.121507
306.123132
306.128511
306.132392
306.142064
306.145696
306.148483
306.160986
306.162565
306.168655
306.201685
306.217086
306.220009
306.222493
306.232011
306.232479
306.24138
306.263549
306.286272
306.288925
306.291796
306.295309
306.30957
306.312066
306.317083
306.326328
306.333655
306.361426
306.36422
306.370108
306.375078
306.379379
306.379819
306.380476
306.381981
306.387931
306.389064
306.390307
306.398187
306.401153
306.40348
306.404001
306.405851
306.415831
306.435571
306.442862
306.452691
306.463631
306.464288
306.475938
306.476305
306.485985
306.511104
306.512457
306.516313
306.534013
306.544398
306.546458
306.546941
306.551939
306.552807
306.557519
306.562179
306.565348
306.568282
306.57372
306.589893
306.590026
306.596642
306.61569
306.622415
306.629343
306.635578
306.65645
306.661567
306.666838
306.671551
306.699091
306.707029
306.707548
306.735436
306.736901
306.744797
306.749253
306.776861
306.779266
306.780102
306.786745
306.792451
306.795777
306.798259
306.806967
306.82627
306.836077
306.837856
306.839019
306.839257
306.843083
306.8509
306.856113
306.857826
306.862687
306.869776
306.870641
306.883662
306.886583
306.889232
306.893799
306.900604
306.909419
306.913908
306.917105
306.920891
306.921056
306.922339
306.931846
306.934362
306.937996
306.941158
306.941213
306.948744
306.954945
306.962624
306.964116
306.968848
306.969626
306.975076
306.991806
306.996531
307.00076
307.003559
307.021946
307.045265
307.048899
307.055289
307.058398
307.060355
307.067142
307.07987
307.084089
307.087421
307.092001
307.09782
307.100545
307.102697
307.102723
307.109495
307.11121
307.115614
307.1322
307.139837
307.158038
307.164392
307.165195
307.170974
307.179001
307.187208
307.189155
307.189932
307.204655
307.226203
307.226651
307.232407
307.237377
307.23781
307.254394
307.256495
307.274291
307.279066
307.281372
307.294463
307.304266
307.308857
307.324304
307.349256
307.35081
307.354388
307.358013
307.360597
307.386644
307.392994
307.400652
307.405059
307.405471
307.406094
307.413707
307.426401
307.435101
307.43567
307.443358
307.445857
307.450951
307.462053
307.463153
307.471
307.476461
307.490869
307.506386
307.511502
307.520041
307.520837
307.526908
307.535311
307.548804
307.573555
307.589717
307.605533
307.606819
307.62723
307.631584
307.63456
307.634606
307.635981
307.636484
307.639422
307.642625
307.653545
307.654245
307.67296
307.687052
307.705152
307.709195
307.718106
307.719334
307.726068
307.728389
307.748513
307.752874
307.753375
307.764861
307.780504
307.789937
307.806569
307.808381
307.80844
307.830957
307.84128
307.846949
307.85579
307.876678
307.900042
307.902953
307.906167
307.909921
307.91898
307.921349
307.924083
307.936235
307.939256
307.940293
307.943323
307.944445
307.957532
307.957876
307.961699
307.967283
307.976933
307.978527
307.981614
307.990493
307.99203
307.996366
308.014568
308.02166
308.02473
308.027062
308.028082
308.029172
308.033165
308.03449
308.051388
308.053968
308.087871
308.094845
308.110019
308.111197
308.11749
308.135226
308.135907
308.148693
308.155122
308.158603
308.17444
308.180398
308.18964
308.19135
308.197501
308.20133
308.207014
308.211113
308.234695
308.237047
308.247566
308.251391
308.268356
308.275271
308.280243
308.282021
308.284308
308.285288
308.286176
308.293471
308.309106
308.309462
308.312424
308.317254
308.333271
308.340852
308.352555
308.363498
308.365229
308.379271
308.383956
308.392675
308.393642
308.402202
308.402276
308.408301
308.421675
308.426875
308.427616
308.4281
308.432954
308.433181
308.456479
308.472685
308.4756
308.477407
308.490784
308.492255
308.49646
308.504828
308.508801
308.511848
308.520931
308.532121
308.537342
308.538086
308.540724
308.543289
308.546928
308.552331
308.555551
308.562794
308.563152
308.569396
308.587805
308.595212
308.605532
308.613708
308.62668
308.634425
308.636564
308.646389
308.650148
308.653757
308.666553
308.675943
308.684456
308.699
308.715205
308.722431
308.729296
308.733567
308.739006
308.742794
308.750197
308.759451
308.761019
308.771079
308.780001
308.784916
308.792768
308.799817
308.805588
308.83758
308.839917
308.845668
308.847583
308.854557
308.85482
308.857662
308.857764
308.874274
308.876816
308.885506
308.886652
308.889907
308.89155
308.899932
308.903266
308.905402
308.912721
308.913733
308.940344
308.944624
308.956921
308.978847
308.984512
308.984899
308.9955
309.015786
309.01663
309.020314
309.025124
309.025827
309.026936
309.034136
309.038631
309.050072
309.052269
309.057359
309.067871
309.074349
309.089078
309.090919
309.092186
309.095697
309.100007
309.10977
309.110062
309.114905
309.119649
309.125396
309.130533
309.131004
309.135649
309.164062
309.171893
309.176715
309.184813
309.186827
309.204193
309.205844
309.21329
309.215951
309.227062
309.234077
309.244248
309.252563
309.256759
309.263048
309.264822
309.266262
309.283283
309.307944
309.310442
309.314662
309.332027
309.332109
309.338275
309.34212
309.363512
309.365144
309.374674
309.387923
309.3986
309.400728
309.401555
309.411291
309.420811
309.434785
309.437963
309.440003
309.442292
309.44343
309.443596
309.456498
309.463369
309.477481
309.484846
309.485518
309.485678
309.493904
309.512089
309.512413
309.513626
309.521934
309.522684
309.535806
309.546626
309.551222
309.552009
309.560928
309.562633
309.56374
309.564561
309.568918
309.569557
309.570164
309.577842
309.579411
309.581074
309.583629
309.58753
309.589873
309.590125
309.594014
309.59723
309.598051
309.60578
309.620174
309.620662
309.648591
309.649484
309.65492
309.657832
309.661813
309.665728
309.671577
309.674526
309.682981
309.684141
309.693834
309.700941
309.70374
309.707196
309.708741
309.710521
309.727891
309.733864
309.737352
309.737933
309.756407
309.765151
309.768969
309.771111
309.772092
309.774422
309.782136
309.792542
309.792782
309.798476
309.801104
309.80372
309.806368
309.810217
309.811567
309.81232
309.819792
309.824227
309.854892
309.865957
309.869834
309.876203
309.8875
309.912659
309.914658
309.932714
309.952272
309.95874
309.966277
309.966739
309.986017
309.988065
309.991545
309.995995
309.996432
309.99724
309.998754
310.015337
310.018855
310.028852
310.030318
310.035704
310.040087
310.052703
310.062908
310.069183
310.071118
310.073225
310.07946
310.084402
310.096932
310.10727
310.141702
310.168222
310.190878
310.203048
310.215768
310.217972
310.227255
310.230202
310.240704
310.244146
310.249584
310.281467
310.282247
310.282435
310.319392
310.330221
310.337967
310.341817
310.356525
310.357056
310.365219
310.376574
310.396976
310.403931
310.404125
310.43837
310.445127
310.448412
310.455908
310.458339
310.459176
310.471611
310.487513
310.495084
310.504066
310.504672
310.525998
310.544565
310.545395
310.550869
310.551841
310.572218
310.580366
310.584387
310.586838
310.612747
310.622928
310.626619
310.627372
310.638402
310.683321
310.686926
310.687972
310.695743
310.703671
310.717785
310.742999
310.743935
310.765004
310.766745
310.79513
310.798293
310.802091
310.805167
310.810137
310.832682
310.841153
310.847202
310.851432
310.853418
310.861741
310.876505
310.892593
310.892648
310.900661
310.907436
310.911744
310.915326
310.921249
310.968374
310.971729
310.992329
310.99443
311.002839
311.013366
311.057586
311.08348
311.112109
311.131968
311.142333
311.14287
311.159479
311.183619
311.186686
311.190962
311.20719
311.22172
311.223044
311.232557
311.251075
311.251769
311.254026
311.268758
311.280989
311.284467
311.300968
311.303866
311.304592
311.30763
311.315918
311.33469
311.348371
311.350399
311.352933
311.361098
311.362027
311.366464
311.390869
311.408015
311.415953
311.426642
311.434658
311.446179
311.450959
311.455671
311.456167
311.456566
311.45851
311.460989
311.466318
311.499494
311.499582
311.509507
311.51532
311.535388
311.540489
311.544447
311.567714
311.571481
311.604405
311.606243
311.606262
311.64008
311.648716
311.653768
311.672623
311.727544
311.734004
311.742032
311.762672
311.763677
311.765262
311.774672
311.78468
311.787393
311.787903
311.791584
311.812321
311.82355
311.83607
311.839039
311.84594
311.860994
311.861985
311.874603
311.87521
311.877251
311.906873
311.925548
311.926277
311.929879
311.93
311.959121
311.970628
311.97168
311.980592
312.002624
312.012759
312.01786
312.019202
312.023698
312.033149
312.039968
312.041871
312.04714
312.060294
312.061533
312.061935
312.072192
312.077069
312.085485
312.122519
312.125506
312.141471
312.15054
312.154064
312.178309
312.194487
312.204478
312.229994
312.23453
312.243914
312.247986
312.269375
312.305476
312.309638
312.329229
312.34295
312.343119
312.349595
312.353387
312.360971
312.362207
312.371286
312.407966
312.424873
312.429534
312.443171
312.447916
312.466409
312.474802
312.477625
312.482953
312.499631
312.500367
312.516258
312.521527
312.521551
312.525949
312.532949
312.540013
312.59598
312.605528
312.605945
312.610752
312.617872
312.629539
312.635658
312.652276
312.682004
312.711432
312.712104
312.716332
312.728419
312.734236
312.740504
312.741559
312.75068
312.752886
312.759446
312.763148
312.775852
312.784215
312.797367
312.840323
312.851114
312.861937
312.880172
312.882178
312.887542
312.898713
312.909532
312.924056
312.927323
312.932453
312.938265
312.93962
312.950581
312.963667
312.971522
312.973851
312.979506
312.988124
313.036335
313.043632
313.043984
313.046592
313.06397
313.070379
313.07124
313.077014
313.094513
313.10422
313.105151
313.105392
313.108115
313.116303
313.128322
313.134048
313.1373
313.146979
313.155884
313.194283
313.207773
313.210207
313.21566
313.221355
313.260783
313.262271
313.276907
313.287096
313.293541
313.294491
313.307155
313.320733
313.335365
313.362754
313.382699
313.390444
313.39731
313.425918
313.437462
313.455119
313.455341
313.479622
313.487049
313.500731
313.513038
313.5131
313.514081
313.528368
313.543332
313.544363
313.554728
313.579183
313.582272
313.600547
313.602022
313.60319
313.632314
313.667887
313.668325
313.704269
313.708051
313.710471
313.717307
313.724687
313.733261
313.795191
313.838314
313.843028
313.876702
313.882563
313.947985
313.954722
313.966031
313.973705
313.982009
314.046445
314.05371
314.079622
314.08879
314.091333
314.095423
314.095775
314.100999
314.10703
314.141624
314.145982
314.160537
314.167547
314.16916
314.175049
314.186127
314.198258
314.212165
314.219771
314.23898
314.25526
314.263431
314.282472
314.334217
314.347843
314.368399
314.394009
314.404491
314.42515
314.51607
314.529612
314.583187
314.590682
314.59381
314.61784
314.665221
314.665813
314.690963
314.691131
314.695059
314.721246
314.747095
314.747862
314.7504
314.782175
314.825429
314.828072
314.863354
314.877108
314.888398
314.900058
314.936872
314.952481
315.026903
315.028984
315.03014
315.036857
315.071238
315.07333
315.082019
315.107012
315.137007
315.180314
315.18049
315.195399
315.201568
315.201789
315.209404
315.252731
315.254953
315.280699
315.284719
315.290098
315.301126
315.302937
315.309299
315.324788
315.327165
315.347695
315.356774
315.363062
315.374801
315.38555
315.389237
315.400849
315.412189
315.427417
315.492353
315.554412
315.561207
315.578427
315.596703
315.611085
315.621657
315.630526
315.65818
315.658594
315.663585
315.666085
315.702742
315.737442
315.742997
315.751492
315.777224
315.781522
315.827374
315.838408
315.847592
315.858127
315.871547
315.884681
315.917527
315.920952
315.948533
315.950065
315.958164
316.003127
316.013524
316.038217
316.060642
316.064944
316.082471
316.08348
316.115741
316.120784
316.123233
316.134683
316.146606
316.150163
316.158584
316.162811
316.174785
316.187029
316.207917
316.221024
316.228709
316.234633
316.236964
316.252413
316.268617
316.28777
316.338689
316.343394
316.356534
316.371994
316.389211
316.409731
316.419809
316.420651
316.421073
316.444646
316.448812
316.46949
316.471015
316.477302
316.498455
316.507363
316.508759
316.539384
316.544754
316.553904
316.557232
316.557287
316.558648
316.564478
316.578473
316.58829
316.589504
316.593089
316.612576
316.616863
316.623054
316.630328
316.638917
316.642527
316.651178
316.655511
316.658723
316.662004
316.67723
316.678612
316.680737
316.686076
316.686359
316.689295
316.69846
316.701616
316.713984
316.761265
316.761701
316.778973
316.782133
316.783505
316.784904
316.788196
316.79399
316.80277
316.803297
316.806253
316.806643
316.809892
316.810006
316.812914
316.822119
316.822822
316.826378
316.837714
316.852927
316.874535
316.876481
316.881608
316.88226
316.898337
316.902328
316.921
316.933698
316.947053
316.949048
316.949824
316.951126
316.969294
316.986249
316.988824
317.011226
317.019519
317.025034
317.037907
317.059226
317.067253
317.067727
317.06827
317.070037
317.074511
317.07899
317.082237
317.086838
317.08733
317.104894
317.108579
317.114701
317.120668
317.132742
317.14086
317.196406
317.201625
317.208282
317.217633
317.228478
317.230645
317.234358
317.234917
317.239847
317.241569
317.250041
317.260178
317.272958
317.274708
317.296846
317.310452
317.320867
317.321268
317.350516
317.359812
317.365444
317.368001
317.37242
317.379775
317.396817
317.406208
317.406934
317.41938
317.420442
317.425027
317.443455
317.450248
317.453124
317.453233
317.458724
317.459485
317.462603
317.468039
317.468706
317.473487
317.483455
317.491299
317.501359
317.503138
317.511067
317.513656
317.515935
317.531658
317.537117
317.53951
317.546441
317.555668
317.56002
317.562335
317.57148
317.593524
317.60046
317.612617
317.61313
317.638732
317.641338
317.650464
317.651602
317.654124
317.662772
317.670238
317.68325
317.687132
317.688236
317.700673
317.714698
317.717416
317.723327
317.726203
317.730367
317.738935
317.766786
317.769031
317.78079
317.810701
317.826343
317.835251
317.845926
317.846823
317.847863
317.84957
317.858492
317.862013
317.863107
317.874034
317.880433
317.898674
317.900346
317.900408
317.912107
317.913235
317.953037
317.954726
317.979855
317.98353
317.98443
317.986496
317.991486
318.002507
318.003541
318.00681
318.011832
318.025702
318.028203
318.030382
318.033987
318.058416
318.069184
318.074678
318.075441
318.075981
318.080568
318.081036
318.081429
318.085608
318.090624
318.105644
318.105858
318.106034
318.121028
318.122685
318.126354
318.128741
318.129456
318.130764
318.13194
318.135674
318.137917
318.141244
318.142085
318.165064
318.169463
318.174865
318.17964
318.182927
318.189801
318.196587
318.213992
318.217809
318.217864
318.234012
318.237733
318.237929
318.239195
318.252127
318.252648
318.257752
318.285126
318.292272
318.293208
318.29564
318.320307
318.339933
318.365529
318.367919
318.370507
318.370955
318.376736
318.38164
318.391678
318.39249
318.397292
318.397851
318.429325
318.432127
318.441596
318.450279
318.453112
318.466283
318.499408
318.510284
318.513798
318.533023
318.540535
318.542579
318.55852
318.570169
318.575113
318.584374
318.591262
318.592397
318.593067
318.600998
318.601999
318.606532
318.614554
318.617565
318.619471
318.61955
318.622433
318.623416
318.62379
318.638213
318.641935
318.666434
318.671023
318.677437
318.681738
318.68443
318.690887
318.703428
318.710721
318.710891
318.714909
318.732657
318.744364
318.75007
318.777352
318.778385
318.795249
318.799261
318.803559
318.807646
318.819566
318.835685
318.842518
318.846264
318.862368
318.862626
318.864953
318.867503
318.882484
318.885305
318.888031
318.89046
318.897602
318.899175
318.902461
318.904875
318.909297
318.913043
318.915823
318.931115
318.934031
318.945655
318.955772
318.960534
318.96786
318.97002
318.971999
318.977088
318.977764
318.981923
318.990393
318.994801
318.999676
319.02923
319.039436
319.049615
319.06311
319.063986
319.068573
319.07088
319.071362
319.074562
319.082311
319.083147
319.086132
319.087784
319.094003
319.108681
319.112279
319.112948
319.122526
319.13491
319.138277
319.139632
319.143857
319.149442
319.158488
319.164321
319.166881
319.173946
319.180676
319.181254
319.187229
319.216634
319.221724
319.222009
319.227037
319.237215
319.251354
319.251831
319.254746
319.263309
319.265214
319.28466
319.287629
319.293942
319.314299
319.318502
319.320992
319.325922
319.326353
319.328722
319.340478
319.345733
319.346797
319.350996
319.360281
319.375988
319.378146
319.378871
319.390275
319.391911
319.39938
319.400081
319.422598
319.430572
319.442516
319.44422
319.446071
319.450671
319.452009
319.455179
319.45696
319.476171
319.48516
319.488445
319.490421
319.490843
319.490973
319.495404
319.512038
319.515235
319.517359
319.520306
319.528493
319.530155
319.54165
319.542796
319.548481
319.560436
319.563822
319.581667
319.582271
319.590324
319.594112
319.604588
319.612113
319.623162
319.646696
319.651718
319.668443
319.673404
319.678162
319.679099
319.679784
319.681437
319.682483
319.692169
319.697124
319.699206
319.705561
319.713611
319.720247
319.72525
319.734731
319.741385
319.7451
319.747118
319.75644
319.762982
319.766469
319.784819
319.790564
319.827798
319.828947
319.84589
319.849404
319.861563
319.862312
319.86685
319.882533
319.882808
319.886495
319.887711
319.893577
319.894324
319.90722
319.910277
319.918588
319.93459
319.934804
319.934999
319.941954
319.945525
319.948631
319.952152
319.957054
319.959593
319.962604
319.963637
319.965868
319.967317
319.977697
319.983726
319.984227
319.989693
319.99592
320.005174
320.0065
320.007266
320.008247
320.011912
320.013414
320.013605
320.019194
320.019339
320.020569
320.0208
320.022672
320.026448
320.028756
320.031154
320.041038
320.050298
320.056817
320.057199
320.06071
320.069943
320.071982
320.07277
320.081735
320.086081
320.086143
320.100279
320.100969
320.102393
320.105613
320.106254
320.10858
320.113248
320.114409
320.115931
320.124524
320.126806
320.132724
320.134499
320.136807
320.148047
320.153342
320.15539
320.161309
320.167088
320.173061
320.204239
320.207308
320.21685
320.223536
320.228418
320.243527
320.250601
320.252902
320.271074
320.275773
320.281049
320.283816
320.284193
320.288544
320.298321
320.311308
320.317914
320.318318
320.32214
320.322949
320.327319
320.331753
320.333881
320.339804
320.352086
320.352897
320.353163
320.370101
320.374959
320.382253
320.38613
320.39909
320.400846
320.401822
320.403719
320.40466
320.415701
320.426549
320.4296
320.431985
320.437217
320.445847
320.45157
320.453255
320.453446
320.478213
320.481277
320.481636
320.489034
320.489967
320.508881
320.509161
320.51112
320.520071
320.5268
320.528451
320.537016
320.542776
320.550919
320.558452
320.559631
320.565359
320.576378
320.578603
320.580018
320.593076
320.595805
320.606219
320.614027
320.620257
320.62807
320.630438
320.633876
320.634806
320.637668
320.64042
320.643279
320.652409
320.661091
320.683173
320.692329
320.700428
320.719436
320.722817
320.722968
320.723524
320.732123
320.73777
320.741254
320.742663
320.754443
320.756917
320.773522
320.806117
320.810706
320.810949
320.813945
320.820302
320.824972
320.830636
320.832677
320.83513
320.835724
320.84082
320.841368
320.845243
320.853209
320.872638
320.879255
320.899884
320.904208
320.906524
320.911492
320.921457
320.929928
320.938402
320.94066
320.941429
320.947285
320.951454
320.958473
320.960268
320.973683
320.980171
320.984658
320.987819
320.987889
321.000687
321.001457
321.003208
321.007639
321.031996
321.033487
321.035367
321.040154
321.046084
321.064701
321.076525
321.079659
321.083092
321.083727
321.084294
321.085846
321.102094
321.104427
321.106565
321.108117
321.110283
321.123795
321.123953
321.134046
321.137694
321.14513
321.153522
321.154178
321.157211
321.165034
321.165492
321.165944
321.167339
321.168521
321.172188
321.179168
321.182558
321.184437
321.191021
321.193342
321.194318
321.208661
321.208822
321.210771
321.220579
321.223678
321.241259
321.246874
321.247411
321.256034
321.257977
321.267445
321.268371
321.286352
321.289728
321.300464
321.302518
321.303804
321.306426
321.312338
321.315395
321.320831
321.321611
321.323134
321.323715
321.327618
321.333123
321.344326
321.347144
321.357644
321.396681
321.397
321.413471
321.425076
321.430049
321.435428
321.443392
321.44815
321.450425
321.461263
321.477615
321.478842
321.480287
321.481787
321.484472
321.489643
321.48975
321.493093
321.514008
321.523393
321.530307
321.535966
321.551727
321.553991
321.560066
321.563617
321.571556
321.573627
321.577951
321.585935
321.586438
321.60497
321.605403
321.628183
321.62964
321.642375
321.656411
321.669298
321.670819
321.675643
321.682648
321.6899
321.692588
321.694842
321.69848
321.709705
321.720636
321.728361
321.735178
321.73623
321.737147
321.755864
321.76009
321.771294
321.771747
321.778404
321.781457
321.787176
321.791415
321.79172
321.7981
321.802834
321.811271
321.821279
321.827521
321.829959
321.845371
321.850589
321.85201
321.860932
321.869707
321.877271
321.87883
321.879153
321.884499
321.896471
321.905943
321.914569
321.917086
321.919394
321.92129
321.923552
321.942803
321.942869
321.944264
321.946895
321.951137
321.95895
321.973061
321.973821
321.981551
321.9828
321.99083
321.997255
321.998302
321.99892
322.000956
322.004451
322.023318
322.032518
322.042698
322.047158
322.056843
322.062579
322.071935
322.073141
322.09749
322.104155
322.1072
322.118223
322.119838
322.122315
322.13123
322.160607
322.165206
322.166727
322.171694
322.173444
322.186496
322.186978
322.1933
322.22665
322.234298
322.23578
322.236027
322.238813
322.254632
322.267001
322.270766
322.280338
322.28157
322.286781
322.28783
322.291005
322.29265
322.300335
322.309214
322.313127
322.321866
322.339542
322.345504
322.347273
322.353422
322.370917
322.374278
322.378684
322.381846
322.399763
322.407736
322.407859
322.409739
322.413592
322.418846
322.421993
322.424585
322.436319
322.440602
322.444525
322.445521
322.452579
322.454566
322.462423
322.46371
322.468996
322.469766
322.47506
322.477473
322.478935
322.485222
322.49388
322.494158
322.501468
322.502445
322.510378
322.531997
322.540192
322.558392
322.562282
322.566298
322.588901
322.613926
322.616284
322.618205
322.624574
322.627844
322.650738
322.652982
322.65478
322.657159
322.669126
322.678898
322.678973
322.698076
322.698509
322.705501
322.736943
322.743165
322.753937
322.755305
322.76347
322.769213
322.777272
322.783448
322.784242
322.787244
322.789476
322.796399
322.804514
322.812327
322.814774
322.818352
322.828427
322.837372
322.839851
322.840325
322.849744
322.867351
322.872729
322.875937
322.877939
322.878398
322.885351
322.893633
322.900687
322.901247
322.902042
322.906458
322.91478
322.922196
322.944037
322.965546
322.969726
322.995704
323.002546
323.00368
323.008801
323.009167
323.04839
323.072859
323.081086
323.088234
323.088456
323.093102
323.09846
323.108257
323.115673
323.143499
323.151257
323.156421
323.16367
323.1712
323.186907
323.192828
323.197184
323.222786
323.224415
323.23291
323.237239
323.270099
323.276104
323.282584
323.289092
323.289652
323.292396
323.293049
323.318207
323.330445
323.332613
323.333246
323.333406
323.333945
323.334533
323.340145
323.344381
323.355271
323.361508
323.365363
323.365701
323.368485
323.369389
323.389025
323.39864
323.403333
323.404332
323.419992
323.424466
323.432298
323.435198
323.438367
323.456596
323.462534
323.471617
323.477605
323.477829
323.481409
323.497426
323.504847
323.507359
323.510689
323.511437
323.518326
323.527029
323.528171
323.530897
323.534876
323.546976
323.552008
323.564191
323.587063
323.608097
323.616507
323.618051
323.628382
323.628929
323.64092
323.650291
323.657616
323.660076
323.679118
323.699998
323.703169
323.704663
323.722433
323.731279
323.762199
323.765221
323.772758
323.773628
323.780032
323.78872
323.791057
323.808156
323.813244
323.840071
323.852723
323.858537
323.85936
323.859433
323.873184
323.904882
323.936355
323.951839
323.969302
323.987002
323.994604
323.997336
324.017931
324.018147
324.022531
324.033101
324.0429
324.050848
324.055094
324.056155
324.060035
324.073132
324.078004
324.078926
324.089293
324.098678
324.10343
324.118233
324.130415
324.13062
324.138733
324.142254
324.145045
324.146988
324.158145
324.165821
324.19722
324.197875
324.207155
324.228853
324.248769
324.249241
324.26151
324.263691
324.264238
324.266034
324.270688
324.271167
324.305236
324.311167
324.312519
324.318412
324.32169
324.345237
324.352366
324.360656
324.361284
324.362353
324.376613
324.398524
324.4115
324.429196
324.43271
324.436812
324.449536
324.452649
324.458666
324.468622
324.481661
324.484062
324.489334
324.50654
324.521261
324.524403
324.530577
324.537301
324.552395
324.566544
324.592676
324.603082
324.62184
324.626397
324.630593
324.637379
324.637608
324.642798
324.65226
324.664287
324.682036
324.691165
324.701952
324.703242
324.707344
324.707572
324.711224
324.716133
324.718405
324.722974
324.726424
324.728115
324.739717
324.763014
324.768306
324.769946
324.773137
324.782296
324.788956
324.801872
324.80898
324.814054
324.827065
324.830109
324.855976
324.868027
324.868166
324.908315
324.911799
324.93424
324.935073
324.940837
324.941257
324.946403
324.956832
324.972517
324.977643
324.99532
324.995615
325.024687
325.0284
325.031451
325.040571
325.058443
325.061139
325.063642
325.073738
325.085816
325.08856
325.090012
325.097005
325.099687
325.117346
325.125926
325.157246
325.161314
325.16351
325.169999
325.180564
325.181513
325.187043
325.189352
325.189586
325.197302
325.197875
325.198009
325.199307
325.226741
325.231127
325.233984
325.234734
325.241498
325.248844
325.252325
325.265306
325.286982
325.288275
325.288602
325.295452
325.295611
325.300722
325.308899
325.318473
325.323437
325.324591
325.32482
325.327104
325.327297
325.332732
325.33697
325.359548
325.3704
325.372945
325.382753
325.386694
325.390052
325.401441
325.431891
325.44513
325.47081
325.472121
325.51703
325.520021
325.523488
325.526264
325.52806
325.530025
325.534956
325.552319
325.557115
325.562407
325.568301
325.581009
325.581988
325.583793
325.60102
325.627228
325.662704
325.668033
325.668119
325.669955
325.67595
325.680888
325.706005
325.76458
325.770815
325.774703
325.775317
325.778329
325.780902
325.783541
325.787289
325.809561
325.829177
325.843274
325.844931
325.86987
325.87118
325.873955
325.884862
325.887287
325.89439
325.895835
325.898398
325.899589
325.917782
325.92993
325.936552
325.939959
325.944397
325.96944
325.993294
326.001095
326.001376
326.009453
326.026075
326.038158
326.038465
326.051187
326.076904
326.091291
326.103726
326.105934
326.122627
326.123925
326.175947
326.201591
326.208019
326.212594
326.238097
326.251471
326.25375
326.259918
326.275977
326.320076
326.343261
326.34881
326.353353
326.35852
326.365219
326.365902
326.366898
326.384876
326.388852
326.395275
326.395685
326.395757
326.420209
326.428152
326.43669
326.441643
326.469685
326.479793
326.50504
326.525737
326.528117
326.539127
326.54146
326.594479
326.596821
326.602647
326.610825
326.62831
326.628803
326.642332
326.668537
326.670073
326.678755
326.691321
326.694187
326.702995
326.767087
326.782571
326.787662
326.801377
326.803582
326.805233
326.805507
326.824547
326.829858
326.836855
326.862346
326.877787
326.891083
326.899934
326.906586
326.915683
326.92247
326.9297
326.934559
326.935485
326.996227
326.999889
327.032134
327.039732
327.074962
327.077284
327.077627
327.078325
327.102858
327.12949
327.132869
327.137521
327.142195
327.16063
327.166129
327.174641
327.200595
327.201474
327.208124
327.216146
327.237567
327.24531
327.257968
327.281934
327.291317
327.305317
327.318149
327.335224
327.351413
327.354332
327.365162
327.394523
327.438871
327.443703
327.448864
327.473041
327.479657
327.493425
327.496807
327.499642
327.502291
327.506365
327.513852
327.522894
327.523359
327.524489
327.548552
327.557565
327.575008
327.599223
327.629638
327.672829
327.673255
327.719286
327.722321
327.763775
327.805886
327.816282
327.817685
327.826738
327.846101
327.849537
327.855867
327.858171
327.860698
327.87403
327.877192
327.881495
327.884401
327.898181
327.932102
327.94039
327.944888
327.956018
327.992119
327.994402
327.997167
328.025812
328.030134
328.037937
328.054307
328.07674
328.084301
328.124606
328.126346
328.128902
328.134941
328.158101
328.164214
328.179465
328.185605
328.211254
328.224006
328.23261
328.261083
328.282843
328.284647
328.292312
328.317179
328.338122
328.349989
328.368418
328.40449
328.443913
328.499013
328.512785
328.518483
328.522299
328.557089
328.587238
328.600417
328.609078
328.616425
328.626436
328.62875
328.632894
328.650544
328.66314
328.675423
328.680203
328.693637
328.754222
328.755412
328.771166
328.771193
328.790019
328.79115
328.820824
328.822233
328.823989
328.857678
328.861628
328.877429
328.877563
328.878194
328.881646
328.88361
328.89141
328.893971
328.907587
328.921012
328.934895
328.948666
328.975607
328.989325
329.044781
329.079522
329.117261
329.119818
329.123151
329.143475
329.181711
329.205044
329.208409
329.238178
329.256644
329.274303
329.276955
329.279823
329.281238
329.309718
329.335756
329.432059
329.432502
329.456222
329.45762
329.459055
329.481136
329.481311
329.546236
329.568755
329.623524
329.642326
329.662627
329.779738
329.785448
329.816051
329.817789
329.826495
329.861291
329.923579
329.94522
329.977871
330.012996
330.03011
330.041302
330.069408
330.086424
330.192378
330.232627
330.281429
330.28938
330.318224
330.323864
330.334766
330.356711
330.420726
330.459095
330.485752
330.529444
330.613845
330.644471
330.656134
330.687495
330.70618
330.709423
330.834483
330.86448
330.912626
330.912683
330.914823
330.96345
330.996835
331.030648
331.037311
331.087269
331.22684
331.238564
331.262778
331.330021
331.346616
331.365418
331.372381
331.422532
331.468221
331.557122
331.57399
331.57692
331.581549
331.609363
331.610744
331.613662
331.617489
331.649284
331.750476
331.759169
331.771041
331.776246
331.811295
331.860764
331.902319
331.918013
331.930449
331.930841
331.98061
332.113067
332.206497
332.245993
332.272524
332.297574
332.412601
332.415183
332.446103
332.531679
332.557688
332.57985
332.597844
332.619762
333.012076
333.037548
333.119532
333.190797
333.259454
333.394516
333.606482
333.640288
333.685954
333.847128
333.872372
334.018052
334.063413
334.316779
334.388272
334.414009
334.750299
335.555201
335.562322
335.640678
336.289974
336.569251
337.109617
337.236653
337.261231
337.696238
338.579032
338.797833
338.980861
339.966686
340.520916
340.994954
342.159509
343.772014
344.188436
344.92534
345.415069
345.433861
346.961396
347.151837
349.19352
359.243882
360.641167
360.748585
363.051769
367.472836
377.336975
380.389314
412.480196
426.971378
637.294565
