147.631977
149.52036
151.871152
152.503849
152.613978
152.651015
152.683754
152.68839
152.689642
153.300692
153.377386
153.384652
153.416347
153.428196
153.479873
153.498157
153.719438
153.735581
153.742601
153.745682
153.784119
153.865496
153.889836
153.907115
153.931119
153.939919
153.96954
153.975833
153.986931
154.010158
154.037389
154.062064
154.088301
154.122553
154.154939
154.192568
154.200188
154.202207
154.214618
154.228753
154.263792
154.278326
154.284322
154.300195
154.306734
154.307263
154.325419
154.336499
154.352902
154.367718
154.38024
154.405879
154.426071
154.426136
154.464079
154.466226
154.507326
154.511483
154.513417
154.525718
154.545962
154.70714
154.707396
154.73813
154.83369
154.860904
154.863699
154.870439
154.892341
154.903699
154.926995
154.936971
154.939727
154.954685
154.989876
154.990529
155.010186
155.037616
155.048065
155.060763
155.072686
155.074411
155.08699
155.170826
155.193364
155.216304
155.218841
155.260753
155.270154
155.277743
155.290697
155.29147
155.340319
155.356383
155.373915
155.390134
155.396321
155.46267
155.478581
155.535542
155.545029
155.562039
155.625707
155.632635
155.63776
155.696225
155.739352
155.766933
155.767796
155.838501
155.865389
155.89927
155.923962
155.939709
155.951273
155.97331
156.018912
156.029505
156.042189
156.060603
156.080922
156.114748
156.120179
156.168087
156.18903
156.196972
156.226638
156.323935
156.439027
156.446258
156.51103
156.519356
156.533742
156.552376
156.591938
156.601653
156.614452
156.618748
156.628114
156.637662
156.669637
156.671023
156.74739
156.767541
156.853815
156.857729
156.890387
156.902268
156.904785
156.912696
156.919386
156.92945
156.942776
156.951288
157.010253
157.031483
157.067759
157.082632
157.106534
157.118001
157.179588
157.189527
157.192693
157.216672
157.246151
157.256543
157.277912
157.281185
157.351317
157.364139
157.418391
157.422479
157.446554
157.480663
157.543601
157.555517
157.605742
157.649496
157.665921
157.676512
157.682358
157.70324
157.73788
157.788871
157.793386
157.815794
157.823563
157.877281
157.885884
157.941001
157.945368
157.984877
158.016071
158.037826
158.040333
158.072696
158.106182
158.130339
158.138329
158.154335
158.159332
158.159561
158.277967
158.342839
158.356036
158.460231
158.462721
158.524457
158.552026
158.571659
158.577985
158.579125
158.592458
158.604807
158.653122
158.685767
158.72688
158.745052
158.79525
158.879155
158.901552
158.929435
158.951321
159.046263
159.060269
159.063511
159.078829
159.087158
159.154431
159.161397
159.162529
159.180501
159.186423
159.237112
159.268494
159.293393
159.299469
159.346247
159.416797
159.448572
159.448811
159.47933
159.481094
159.635949
159.696341
159.719962
159.958062
160.302454
160.477357
160.520755
160.659124
160.73805
160.837589
160.987489
161.565248
161.77906
161.805477
161.87632
162.795833
164.313616
165.183301
166.229052
168.010618
168.188235
168.191511
168.233203
168.273013
168.446098
168.459515
168.53627
168.603872
168.926704
168.990101
169.004238
169.131184
169.16987
169.19292
169.205013
169.227961
169.363611
169.41492
169.431932
169.583694
169.609522
169.620869
169.621002
169.631544
169.679938
169.762236
169.784675
169.855028
169.899598
169.956912
169.969028
169.999915
170.04143
170.055602
170.100784
170.182816
170.183667
170.185445
170.189419
170.200117
170.208195
170.218879
170.230285
170.272909
170.346915
170.35605
170.376496
170.389038
170.397261
170.421271
170.435053
170.523325
170.57479
170.625044
170.660344
170.664348
170.687087
170.690828
170.769425
170.815742
170.819224
170.823248
170.89103
170.903322
170.921074
170.948614
170.959992
170.982797
171.038682
171.069677
171.093
171.094389
171.114621
171.158137
171.158984
171.179571
171.245402
171.274105
171.378335
171.383086
171.394402
171.409255
171.436528
171.472361
171.494518
171.502702
171.525772
171.555048
171.565831
171.603098
171.643503
171.645
171.665742
171.779539
171.790375
171.814179
171.830824
171.850778
171.930269
171.938826
172.00732
172.026347
172.035124
172.035886
172.049438
172.052452
172.060189
172.100793
172.109101
172.131163
172.173386
172.22167
172.247124
172.277814
172.32109
172.338167
172.347848
172.414406
172.432432
172.459292
172.471787
172.501096
172.521756
172.53201
172.534569
172.563312
172.580955
172.582254
172.583164
172.606225
172.612107
172.616787
172.635369
172.63564
172.718718
172.745797
172.746495
172.748058
172.779435
172.78926
172.796753
172.852498
172.857784
172.882983
172.885859
172.918454
172.923424
172.946144
172.958406
172.992258
172.99809
173.014462
173.025759
173.049131
173.063819
173.065873
173.071213
173.083864
173.088075
173.090785
173.097364
173.117362
173.119172
173.119357
173.143511
173.165991
173.206761
173.258322
173.268062
173.276426
173.285269
173.290041
173.312032
173.319898
173.332609
173.33284
173.337081
173.343064
173.361894
173.382526
173.421373
173.448814
173.478243
173.489331
173.493551
173.502924
173.521769
173.538302
173.544515
173.545619
173.547134
173.619219
173.623138
173.632919
173.644669
173.680038
173.681941
173.682101
173.687417
173.699817
173.700429
173.71413
173.727669
173.762877
173.766162
173.770383
173.773875
173.78925
173.795246
173.801919
173.825294
173.843685
173.85963
173.865277
173.879423
173.887032
173.941001
173.972132
173.992935
174.03661
174.069059
174.094373
174.107144
174.109322
174.111722
174.113076
174.113202
174.115847
174.145427
174.17277
174.175043
174.192805
174.204835
174.205827
174.213381
174.224235
174.224728
174.22703
174.246413
174.248319
174.250012
174.257497
174.261775
174.27916
174.291701
174.306141
174.312935
174.314739
174.321416
174.327505
174.332749
174.336932
174.353565
174.354706
174.356128
174.357113
174.365466
174.392354
174.397545
174.419507
174.423451
174.423853
174.434399
174.457418
174.461904
174.482339
174.506042
174.525449
174.534469
174.561252
174.562655
174.562705
174.565847
174.588046
174.594058
174.647712
174.659121
174.659401
174.668447
174.677593
174.681665
174.690486
174.696037
174.701667
174.723191
174.742631
174.76255
174.766872
174.775182
174.780402
174.78446
174.803377
174.828161
174.856159
174.861362
174.902318
174.909497
174.91051
174.945999
174.946867
174.964029
174.967979
174.968465
174.988403
175.016863
175.019381
175.037755
175.043037
175.045263
175.067752
175.094588
175.095111
175.11409
175.121883
175.142209
175.168777
175.169918
175.172815
175.183514
175.201989
175.205866
175.219784
175.228392
175.24296
175.246151
175.247517
175.286422
175.286468
175.295794
175.301592
175.339002
175.343496
175.346097
175.352723
175.360694
175.371225
175.393241
175.395469
175.398936
175.417456
175.419444
175.434271
175.436863
175.445608
175.450593
175.451139
175.464449
175.464982
175.47977
175.488498
175.500086
175.500543
175.504571
175.509993
175.523564
175.526969
175.538463
175.540953
175.541559
175.572393
175.573758
175.595869
175.603811
175.617051
175.628043
175.633075
175.636318
175.638505
175.658952
175.659456
175.672554
175.674323
175.70086
175.702729
175.724123
175.736895
175.736991
175.741909
175.742341
175.748294
175.75028
175.761693
175.762517
175.770073
175.781887
175.785938
175.804948
175.823688
175.823742
175.833977
175.840535
175.855707
175.863415
175.864328
175.883246
175.890364
175.898044
175.908149
175.91019
175.913038
175.922895
175.93404
175.941852
175.951223
175.957211
175.960306
175.970975
175.987233
176.001245
176.012844
176.015299
176.039261
176.053136
176.061178
176.065359
176.070102
176.096923
176.11326
176.114586
176.125805
176.143281
176.14892
176.155823
176.157179
176.167404
176.170924
176.190015
176.190129
176.207779
176.211615
176.211695
176.227609
176.236227
176.246901
176.248403
176.250772
176.252966
176.259191
176.275811
176.290054
176.290224
176.296399
176.298852
176.300908
176.316361
176.32296
176.326538
176.327073
176.330611
176.348817
176.357132
176.377812
176.426073
176.426872
176.435772
176.437826
176.443106
176.455192
176.463089
176.475141
176.479076
176.485521
176.497605
176.498903
176.503623
176.50736
176.521532
176.527919
176.533851
176.562982
176.566949
176.572485
176.58708
176.595041
176.607794
176.628766
176.647255
176.648873
176.662763
176.673138
176.715741
176.718665
176.721345
176.724043
176.73445
176.739929
176.761748
176.765562
176.768796
176.769808
176.770052
176.7713
176.772277
176.774299
176.789224
176.803421
176.809636
176.816617
176.82553
176.826404
176.841936
176.844274
176.866492
176.870997
176.879646
176.892231
176.896253
176.89873
176.908025
176.908364
176.917123
176.917538
176.918872
176.928928
176.937891
176.949644
176.958463
176.959076
176.963112
176.967335
176.969017
176.974716
176.989105
177.019715
177.037325
177.042089
177.066752
177.073776
177.076379
177.086689
177.087768
177.091112
177.102628
177.120604
177.133513
177.138951
177.147014
177.155612
177.165909
177.167122
177.17847
177.180992
177.204075
177.206311
177.21427
177.218281
177.229109
177.233029
177.236074
177.23676
177.243468
177.250922
177.252035
177.255938
177.274542
177.295822
177.305944
177.306039
177.336542
177.35303
177.362116
177.368032
177.369329
177.369354
177.379498
177.385397
177.385783
177.404281
177.406317
177.416922
177.421039
177.424185
177.427705
177.437593
177.450082
177.453746
177.461776
177.463644
177.49343
177.495307
177.496861
177.49853
177.504441
177.504453
177.511658
177.532926
177.572592
177.572605
177.578449
177.590328
177.59115
177.605771
177.612914
177.623425
177.627425
177.6315
177.644061
177.657966
177.673136
177.674255
177.677481
177.681411
177.687426
177.695316
177.695361
177.702327
177.711302
177.711601
177.714389
177.717345
177.723337
177.725962
177.727498
177.735323
177.737823
177.741955
177.746895
177.748527
177.750963
177.763962
177.765488
177.766547
177.784809
177.806015
177.818344
177.820826
177.829838
177.830795
177.844681
177.84788
177.866154
177.868359
177.900744
177.907218
177.91182
177.911922
177.922149
177.925558
177.934714
177.938571
177.940909
177.944198
177.952323
177.956586
177.962678
177.975158
177.996637
177.997743
178.007297
178.021106
178.023291
178.025988
178.028543
178.043064
178.045135
178.053404
178.056224
178.060107
178.094007
178.101288
178.102339
178.102585
178.103417
178.114897
178.115067
178.122087
178.126777
178.132322
178.148776
178.149727
178.150321
178.151366
178.165753
178.170541
178.171249
178.173275
178.179336
178.18419
178.185065
178.191095
178.196321
178.212947
178.222567
178.224355
178.226345
178.230997
178.231933
178.237253
178.242612
178.245918
178.248032
178.255846
178.264731
178.270324
178.270859
178.274988
178.275328
178.282033
178.286699
178.289575
178.305972
178.311453
178.319328
178.320133
178.333448
178.339461
178.339977
178.34326
178.344988
178.358028
178.368911
178.36975
178.375555
178.378195
178.384477
178.385587
178.39049
178.393644
178.39623
178.397794
178.404107
178.406667
178.410078
178.414043
178.419524
178.431868
178.435233
178.43823
178.471631
178.47245
178.474788
178.475665
178.487043
178.488122
178.48952
178.489675
178.491115
178.503201
178.508789
178.510967
178.511501
178.517409
178.518395
178.518632
178.520581
178.532792
178.54286
178.548478
178.552111
178.557853
178.566072
178.57686
178.59105
178.592541
178.592999
178.60446
178.607154
178.615844
178.618374
178.624162
178.624576
178.634451
178.639507
178.641362
178.659214
178.662097
178.663849
178.666376
178.671825
178.673378
178.686737
178.689126
178.693301
178.693878
178.702748
178.705595
178.709749
178.711816
178.712026
178.71411
178.715232
178.726101
178.726174
178.74051
178.746245
178.748236
178.748745
178.753926
178.755297
178.766491
178.772471
178.7796
178.782263
178.787602
178.801309
178.803181
178.805441
178.808908
178.823091
178.833393
178.833447
178.835243
178.840617
178.842952
178.844392
178.845351
178.85827
178.867619
178.870376
178.878435
178.89298
178.894817
178.89579
178.900526
178.909706
178.909923
178.915002
178.915855
178.924108
178.934418
178.942355
178.943519
178.946224
178.947433
178.950249
178.953284
178.954202
178.960083
178.966169
178.975634
178.990383
178.990661
179.001278
179.014246
179.021787
179.031663
179.034818
179.036464
179.073505
179.078772
179.079217
179.082713
179.083309
179.087783
179.09503
179.100749
179.106073
179.11154
179.136339
179.146741
179.155473
179.160891
179.160907
179.162642
179.163737
179.164789
179.173702
179.174485
179.175163
179.180105
179.183606
179.184406
179.185106
179.18843
179.19201
179.205985
179.206371
179.210596
179.21519
179.218956
179.219952
179.230494
179.234739
179.236879
179.240524
179.246967
179.24744
179.262704
179.263861
179.270463
179.273185
179.278837
179.287079
179.291529
179.299544
179.303101
179.305705
179.305936
179.306418
179.30808
179.310829
179.311793
179.314536
179.314718
179.316728
179.326507
179.327581
179.327742
179.340794
179.342008
179.347224
179.350234
179.350768
179.353165
179.353354
179.355149
179.360284
179.383702
179.388387
179.389288
179.395831
179.397358
179.401084
179.40534
179.407482
179.430096
179.44045
179.465969
179.475373
179.478111
179.480709
179.485445
179.487145
179.504818
179.510046
179.512251
179.514202
179.524653
179.526798
179.534216
179.536733
179.538672
179.555144
179.559964
179.572573
179.574388
179.575797
179.577247
179.583133
179.584675
179.59302
179.614033
179.622138
179.622917
179.62451
179.626744
179.634947
179.636845
179.638268
179.638638
179.645339
179.647569
179.653112
179.654556
179.660143
179.667619
179.668386
179.674688
179.67576
179.680054
179.681835
179.684975
179.68857
179.693561
179.718952
179.72104
179.728454
179.728549
179.729772
179.734418
179.737024
179.737255
179.737339
179.737937
179.738593
179.748254
179.750022
179.75625
179.757725
179.782362
179.787484
179.800184
179.808175
179.815426
179.818374
179.819115
179.819674
179.821414
179.823458
179.825484
179.828724
179.831181
179.831298
179.838667
179.843794
179.845768
179.849359
179.862679
179.86269
179.868421
179.868524
179.874139
179.888651
179.893571
179.895078
179.898776
179.901657
179.903891
179.911338
179.911525
179.919916
179.920198
179.920236
179.92559
179.92598
179.929465
179.933446
179.936015
179.942329
179.950007
179.957878
179.957933
179.964024
179.965785
179.971685
179.984405
179.989227
179.992257
179.999965
180.005554
180.019148
180.021627
180.037737
180.042344
180.058668
180.060853
180.061336
180.062583
180.073905
180.077162
180.079437
180.085967
180.098894
180.099863
180.13506
180.138121
180.141497
180.145195
180.150443
180.154454
180.166976
180.174596
180.179128
180.179288
180.180732
180.193144
180.194217
180.203344
180.205037
180.207062
180.210665
180.219021
180.221134
180.222217
180.223446
180.224774
180.229638
180.232974
180.242225
180.243134
180.244111
180.24731
180.249338
180.263044
180.263592
180.265067
180.268282
180.277053
180.286148
180.286325
180.288882
180.296677
180.298751
180.302754
180.312811
180.344472
180.370382
180.375526
180.380254
180.382839
180.396687
180.39721
180.397566
180.398355
180.410563
180.411645
180.411949
180.427087
180.427299
180.43572
180.437131
180.43728
180.440644
180.44168
180.44226
180.444136
180.444394
180.447144
180.453403
180.460924
180.462311
180.463173
180.476913
180.478179
180.489873
180.492019
180.499177
180.504258
180.505874
180.519815
180.522036
180.522135
180.525057
180.525574
180.53198
180.532893
180.537804
180.54073
180.545533
180.560637
180.560675
180.563905
180.56861
180.569162
180.576791
180.585965
180.588807
180.590014
180.59066
180.59804
180.59831
180.602634
180.604946
180.605294
180.607432
180.620862
180.633491
180.634122
180.63464
180.652519
180.653874
180.658495
180.658617
180.660202
180.664099
180.679793
180.685801
180.698242
180.707631
180.719918
180.720544
180.721605
180.732163
180.739203
180.742881
180.743339
180.749949
180.760115
180.768165
180.777775
180.779789
180.782745
180.79286
180.799865
180.804927
180.813006
180.81428
180.82584
180.832649
180.834518
180.83954
180.846063
180.84961
180.849785
180.86268
180.872947
180.893809
180.896927
180.899032
180.92474
180.924765
180.938068
180.943594
180.944577
180.944586
180.944637
180.955539
180.95652
180.959979
180.966228
180.970193
180.97205
180.979029
180.984587
180.998066
181.002689
181.016277
181.030366
181.033109
181.033221
181.035434
181.036208
181.05311
181.059176
181.061739
181.063151
181.063733
181.064365
181.08139
181.087884
181.092366
181.09418
181.096626
181.108991
181.108998
181.111872
181.113311
181.113371
181.119242
181.126657
181.133081
181.138075
181.139589
181.152666
181.158172
181.16663
181.173478
181.17831
181.179156
181.189695
181.191069
181.196259
181.200865
181.202036
181.203203
181.206624
181.216453
181.217615
181.217898
181.227522
181.227946
181.231382
181.233752
181.24143
181.247142
181.260111
181.266713
181.267952
181.269791
181.270976
181.281056
181.287001
181.289107
181.300556
181.308288
181.311795
181.314624
181.315615
181.31987
181.320282
181.323906
181.326534
181.332654
181.333887
181.336082
181.339441
181.340877
181.342044
181.342222
181.353578
181.3547
181.35523
181.356688
181.358675
181.371818
181.393954
181.398063
181.401758
181.403808
181.40576
181.413666
181.417103
181.425113
181.427325
181.429086
181.435033
181.444078
181.446143
181.453427
181.462848
181.468697
181.49067
181.491882
181.494754
181.502923
181.505596
181.514858
181.519393
181.521769
181.523604
181.526158
181.526966
181.528282
181.544897
181.573166
181.583286
181.584123
181.585306
181.585912
181.597111
181.603092
181.603302
181.609815
181.610553
181.611937
181.616236
181.617189
181.618768
181.628574
181.636797
181.639113
181.641922
181.643342
181.648895
181.658434
181.659544
181.665224
181.666258
181.668762
181.67067
181.672638
181.674223
181.674474
181.676854
181.677297
181.68381
181.69358
181.698694
181.711174
181.715884
181.735141
181.775133
181.782775
181.794131
181.801725
181.81102
181.833092
181.834367
181.846724
181.854827
181.858011
181.874071
181.889152
181.894729
181.896876
181.905042
181.909935
181.917422
181.919117
181.922205
181.926831
181.931065
181.938463
181.94603
181.953939
181.956715
181.95679
181.959687
181.974995
181.976482
181.982286
181.98484
181.985393
181.98935
181.993596
181.994096
181.994475
181.999079
182.012015
182.016087
182.024682
182.02537
182.029332
182.058759
182.061798
182.070192
182.074924
182.080006
182.081068
182.096473
182.109099
182.119876
182.121213
182.127603
182.129876
182.137884
182.146012
182.154916
182.169971
182.180857
182.19618
182.210228
182.222064
182.23067
182.231897
182.246031
182.253132
182.259279
182.264328
182.271272
182.282461
182.301181
182.309459
182.324147
182.333251
182.356476
182.356638
182.359602
182.366161
182.369007
182.376425
182.380263
182.400024
182.403717
182.406601
182.411334
182.4159
182.423186
182.427484
182.430546
182.436225
182.438411
182.439514
182.45403
182.459362
182.467515
182.472858
182.487811
182.490484
182.493487
182.504723
182.504969
182.506781
182.508786
182.509863
182.512136
182.514421
182.523794
182.543704
182.547844
182.563976
182.566879
182.568396
182.569368
182.573466
182.573806
182.575393
182.588477
182.589213
182.592223
182.606489
182.607553
182.621081
182.623644
182.634775
182.650253
182.666558
182.670063
182.673751
182.679219
182.721789
182.72884
182.746275
182.749248
182.750435
182.753371
182.753474
182.76032
182.761181
182.767724
182.76921
182.775079
182.798523
182.819738
182.833352
182.838489
182.843948
182.856904
182.876914
182.8786
182.894358
182.894987
182.89992
182.935569
182.936813
182.94446
182.94514
182.956521
182.966465
182.982678
182.992313
183.00079
183.002042
183.010864
183.012168
183.012318
183.025617
183.029849
183.031089
183.038394
183.043285
183.054692
183.057641
183.069522
183.088936
183.093145
183.094672
183.098526
183.104774
183.104875
183.112371
183.11789
183.121236
183.122564
183.130102
183.140471
183.145076
183.158513
183.158976
183.169299
183.178352
183.190806
183.194404
183.195736
183.202536
183.205536
183.218174
183.218301
183.238208
183.238754
183.241628
183.24499
183.246279
183.247285
183.25042
183.254798
183.25738
183.270178
183.271702
183.281887
183.290163
183.304254
183.308535
183.30931
183.313103
183.329844
183.331225
183.334441
183.335223
183.353173
183.355253
183.365994
183.375137
183.385579
183.397909
183.406112
183.406751
183.409425
183.431445
183.431477
183.439049
183.443488
183.444452
183.447621
183.447734
183.45219
183.459185
183.459567
183.459596
183.466595
183.467198
183.47147
183.471895
183.491725
183.525565
183.536261
183.540346
183.551179
183.555501
183.559344
183.563512
183.573456
183.579651
183.587131
183.595743
183.607235
183.626013
183.628351
183.635008
183.645455
183.647408
183.667312
183.673486
183.69144
183.695614
183.699896
183.709288
183.712468
183.716162
183.722133
183.728252
183.735069
183.740271
183.740426
183.75944
183.773985
183.776658
183.777315
183.778209
183.778697
183.800511
183.802817
183.803067
183.803319
183.825356
183.826147
183.82652
183.834869
183.853389
183.893306
183.899374
183.906769
183.926087
183.937798
183.945727
183.95085
183.967657
183.975192
183.98224
183.992316
184.006279
184.012597
184.014404
184.015741
184.019842
184.020979
184.031052
184.035005
184.041864
184.05176
184.067888
184.068278
184.072097
184.07251
184.080947
184.109263
184.130939
184.147348
184.154621
184.17045
184.171748
184.175861
184.183383
184.188414
184.195321
184.197971
184.207293
184.212408
184.214647
184.22574
184.227019
184.241073
184.241474
184.248472
184.257811
184.259817
184.261917
184.262531
184.264003
184.276026
184.276408
184.28473
184.314747
184.321448
184.321479
184.336515
184.338572
184.340274
184.342492
184.352762
184.356452
184.357341
184.372862
184.377411
184.386711
184.393964
184.403354
184.407236
184.409357
184.420499
184.420802
184.428392
184.428748
184.433281
184.43569
184.436385
184.456565
184.467237
184.499103
184.50531
184.507108
184.509359
184.518055
184.543588
184.557801
184.56125
184.563715
184.564776
184.583366
184.588844
184.590965
184.609257
184.620425
184.653822
184.678505
184.683758
184.68656
184.695031
184.700114
184.716102
184.716901
184.728099
184.746074
184.75523
184.762313
184.785843
184.790802
184.803686
184.817964
184.840301
184.858133
184.869662
184.869959
184.881022
184.902547
184.92236
184.957108
184.959732
184.968164
184.968376
184.974171
184.987175
185.024717
185.031786
185.033796
185.037119
185.043104
185.044254
185.083765
185.084311
185.092541
185.092633
185.098363
185.102039
185.102076
185.146049
185.161329
185.166101
185.171573
185.177527
185.182577
185.192998
185.206033
185.222909
185.228969
185.25987
185.262319
185.273283
185.282756
185.284272
185.302585
185.330716
185.33294
185.350058
185.386609
185.400168
185.405348
185.411948
185.434884
185.445741
185.452138
185.459934
185.476176
185.484519
185.516519
185.529269
185.539404
185.563631
185.56368
185.576058
185.579762
185.581324
185.583668
185.584257
185.596414
185.59956
185.636865
185.658708
185.660222
185.681603
185.713738
185.74434
185.75035
185.761265
185.765361
185.767425
185.812109
185.832049
185.866017
185.869931
185.883665
185.883721
185.914896
185.945425
185.94797
185.949914
185.970027
186.016465
186.027499
186.027547
186.028938
186.051519
186.053607
186.054424
186.054628
186.058247
186.075805
186.095564
186.130967
186.177259
186.180124
186.222282
186.250111
186.29616
186.297991
186.343945
186.349089
186.349451
186.359918
186.364413
186.368717
186.372634
186.397147
186.398894
186.430547
186.43997
186.448621
186.452996
186.477033
186.488649
186.494502
186.5703
186.612228
186.650132
186.656831
186.677771
186.69273
186.694055
186.701924
186.7096
186.712006
186.716307
186.730657
186.742461
186.747556
186.749127
186.761506
186.792897
186.793941
186.794777
186.799319
186.799523
186.82307
186.823551
186.826879
186.840741
186.845265
186.861383
186.864687
186.875066
186.904224
186.920705
186.935256
186.93882
186.958735
186.975277
186.976665
186.981657
186.987549
186.998713
187.003147
187.018953
187.027639
187.036278
187.054695
187.068446
187.082897
187.085014
187.105466
187.113255
187.146927
187.153721
187.175672
187.175689
187.193793
187.246081
187.246406
187.260258
187.295941
187.322538
187.39595
187.423395
187.458332
187.467029
187.478888
187.503035
187.50326
187.50653
187.579493
187.593053
187.612095
187.619769
187.639632
187.645196
187.726991
187.737318
187.750207
187.752523
187.752775
187.757923
187.786681
187.788083
187.793011
187.820311
187.864286
187.919699
187.928345
187.934653
187.947479
187.974131
187.986321
187.997846
188.01088
188.015243
188.02278
188.073509
188.111444
188.129824
188.145131
188.163336
188.181228
188.189651
188.191727
188.195438
188.197597
188.277515
188.282567
188.302034
188.35719
188.378423
188.385606
188.388636
188.430354
188.438663
188.482747
188.486095
188.509353
188.525027
188.526836
188.530549
188.534003
188.546099
188.551692
188.608691
188.630424
188.639822
188.650632
188.68014
188.681471
188.686593
188.689131
188.69742
188.717884
188.724968
188.739079
188.762333
188.763902
188.775579
188.780203
188.784946
188.789715
188.836451
188.866976
188.867713
188.873464
188.878134
188.896012
188.918027
188.918696
188.938158
188.942639
188.959335
188.995906
189.020741
189.03504
189.041618
189.056915
189.115081
189.127524
189.136433
189.137045
189.142084
189.147681
189.18454
189.188995
189.1949
189.212804
189.261409
189.262516
189.277669
189.277805
189.298249
189.312873
189.315346
189.325785
189.34034
189.390096
189.391405
189.443379
189.447051
189.447279
189.464578
189.47787
189.495519
189.500588
189.525835
189.526749
189.543639
189.55463
189.566447
189.567767
189.578221
189.58597
189.589559
189.606892
189.626719
189.632543
189.660808
189.68792
189.723
189.744931
189.750444
189.762936
189.773465
189.81278
189.824846
189.851942
189.869462
189.882054
189.886505
189.904849
189.911617
189.920153
189.955769
189.961423
189.967505
189.980252
189.993692
189.996869
190.00404
190.013382
190.063555
190.068288
190.070012
190.081359
190.089645
190.118023
190.140418
190.162151
190.162955
190.168275
190.173793
190.178127
190.184327
190.18688
190.196334
190.216282
190.22098
190.222833
190.22511
190.23416
190.307362
190.31223
190.320817
190.351933
190.354038
190.359668
190.386918
190.389773
190.426704
190.428283
190.434257
190.439651
190.464207
190.482863
190.488606
190.504704
190.520938
190.529204
190.548028
190.561
190.566272
190.568041
190.584831
190.589825
190.595954
190.600152
190.609247
190.646821
190.716028
190.738251
190.749782
190.749849
190.811187
190.815669
190.817714
190.824826
190.83132
190.845398
190.85471
190.85911
190.864752
190.865323
190.867787
190.869717
190.875721
190.888579
190.889015
190.918645
190.940229
190.941674
190.965343
190.971363
190.973626
190.994715
190.994947
190.996013
191.030951
191.038691
191.059925
191.0658
191.072219
191.076596
191.08145
191.087957
191.104698
191.104734
191.125705
191.14405
191.152111
191.152515
191.156183
191.161647
191.167648
191.173199
191.20041
191.215583
191.223423
191.228601
191.274873
191.276068
191.278425
191.28914
191.345209
191.356008
191.38495
191.394586
191.398088
191.403727
191.414915
191.418605
191.430992
191.44449
191.478914
191.486774
191.494162
191.499282
191.505689
191.510549
191.555307
191.561196
191.572604
191.574517
191.574871
191.583935
191.598707
191.599584
191.604715
191.6136
191.615759
191.626819
191.640908
191.65326
191.671911
191.684471
191.749407
191.754101
191.755785
191.770938
191.775836
191.788625
191.796367
191.804659
191.819037
191.833826
191.837093
191.838817
191.840341
191.852974
191.868404
191.87121
191.874439
191.880487
191.893372
191.900193
191.938771
191.94042
191.952561
192.016137
192.063781
192.083965
192.097195
192.099298
192.125759
192.127263
192.136277
192.168263
192.175957
192.212216
192.213405
192.237086
192.254012
192.260721
192.269393
192.29215
192.30396
192.315106
192.359207
192.35924
192.403116
192.404489
192.420257
192.425857
192.428935
192.430282
192.44256
192.482036
192.499613
192.511632
192.518591
192.520324
192.524849
192.525274
192.532513
192.542304
192.562118
192.563785
192.564771
192.574526
192.579657
192.58115
192.584981
192.602421
192.615096
192.627001
192.630406
192.643507
192.644347
192.646282
192.649185
192.658326
192.696557
192.701617
192.705732
192.706451
192.722559
192.744598
192.745015
192.748203
192.780515
192.801047
192.80162
192.807602
192.816908
192.81863
192.847447
192.848043
192.860761
192.895554
192.897789
192.899069
192.920674
192.921364
192.934256
192.937658
192.947543
192.966157
192.967668
192.97975
192.99121
192.992371
193.010698
193.014706
193.027911
193.0298
193.045293
193.054021
193.069912
193.077741
193.078611
193.082898
193.10087
193.102479
193.102635
193.10338
193.124218
193.140523
193.143084
193.152467
193.163075
193.174984
193.178536
193.193592
193.214792
193.218809
193.23215
193.244464
193.250531
193.256663
193.258426
193.266555
193.279692
193.283598
193.301646
193.301701
193.311897
193.325371
193.337041
193.379699
193.400627
193.43719
193.459014
193.459256
193.467282
193.510241
193.518588
193.529861
193.563557
193.565259
193.571212
193.585473
193.598239
193.625198
193.661966
193.669035
193.678316
193.678809
193.691803
193.693096
193.693898
193.697204
193.726396
193.744262
193.781348
193.81318
193.823112
193.828261
193.832703
193.842903
193.853719
193.860389
193.894348
193.895214
193.900698
193.914425
193.914953
193.936789
193.938253
193.943196
193.969731
193.973917
194.005449
194.014465
194.020846
194.040531
194.040877
194.072549
194.08881
194.101649
194.10725
194.126228
194.143111
194.144311
194.152694
194.153646
194.170675
194.182359
194.184596
194.18484
194.198508
194.199179
194.2164
194.25938
194.263912
194.266629
194.272082
194.272359
194.275248
194.278067
194.304731
194.346228
194.351043
194.356125
194.357956
194.366861
194.37231
194.449094
194.472249
194.477707
194.493016
194.495151
194.500553
194.510096
194.511949
194.534836
194.584157
194.629948
194.640464
194.65805
194.672974
194.695001
194.755456
194.840451
194.84917
194.849912
194.874132
194.899951
194.904907
194.906776
194.921283
194.959881
194.966754
194.975175
194.979282
194.979289
194.981
195.004384
195.013777
195.031939
195.039613
195.077395
195.100713
195.148082
195.179492
195.18705
195.189489
195.239603
195.251745
195.259829
195.26685
195.280414
195.327017
195.362956
195.373224
195.479293
195.520476
195.523262
195.569756
195.576036
195.591579
195.613875
195.66659
195.669289
195.709725
195.713842
195.741441
195.741644
195.749223
195.749638
195.759778
195.808127
195.80938
195.813371
195.822063
195.852154
195.854975
195.870355
195.891289
195.894052
195.901913
195.951824
195.996002
196.020519
196.034992
196.038303
196.044794
196.04927
196.073358
196.111509
196.158743
196.169062
196.182728
196.188357
196.237203
196.265969
196.335088
196.442892
196.452886
196.50714
196.523811
196.548525
196.586981
196.709552
196.726347
196.854172
196.866899
196.902599
196.921844
196.923255
197.043942
197.137521
197.149376
197.228918
197.447619
197.537604
197.580341
197.597881
197.757687
197.783631
197.787562
197.848082
197.856468
197.892563
198.012125
198.080163
198.098093
198.129883
198.470632
198.798728
199.232789
199.479671
199.503598
199.836754
200.29358
200.469597
201.126562
201.504878
202.210265
202.525865
203.523281
204.33045
204.532373
204.742678
205.644112
205.888062
206.102906
206.923261
207.500958
208.08378
209.002542
212.404622
213.018486
215.882479
217.553999
219.553456
220.244878
220.830426
223.093668
223.44006
224.902339
225.363482
227.084197
227.333594
228.128089
229.750649
229.811251
230.81855
241.255573
249.806743
249.97478
254.941698
255.323741
256.482953
257.042123
264.747832
289.849217
301.835169
323.988584
338.384244
370.908866
